0,0.19
0.01,0.19
0.02,0.19
0.03,0.19
0.04,0.19
0.05,0.19
0.06,0.19
0.07,0.19
0.08,0.19
0.09,0.19
0.1,0.19
0.11,0.19
0.12,0.19
0.13,0.2
0.14,0.2
0.15,0.2
0.16,0.2
0.17,0.2
0.18,0.2
0.19,0.2
0.2,0.2
0.21,0.2
0.22,0.2
0.23,0.2
0.24,0.2
0.25,0.2
0.26,0.2
0.27,0.2
0.28,0.2
0.29,0.2
0.3,0.2
0.31,0.2
0.32,0.2
0.33,0.2
0.34,0.2
0.35,0.2
0.36,0.2
0.37,0.2
0.38,0.2
0.39,0.2
0.4,0.2
0.41,0.2
0.42,0.2
0.43,0.2
0.44,0.2
0.45,0.2
0.46,0.2
0.47,0.2
0.48,0.2
0.49,0.2
0.5,0.2
0.51,0.2
0.52,0.2
0.53,0.2
0.54,0.2
0.55,0.2
0.56,0.2
0.57,0.2
0.58,0.2
0.59,0.2
0.6,0.2
0.61,0.2
0.62,0.2
0.63,0.2
0.64,0.2
0.65,0.2
0.66,0.2
0.67,0.2
0.68,0.2
0.69,0.2
0.7,0.2
0.71,0.2
0.72,0.2
0.73,0.2
0.74,0.2
0.75,0.2
0.76,0.2
0.77,0.2
0.78,0.2
0.79,0.2
0.8,0.2
0.81,0.2
0.82,0.2
0.83,0.2
0.84,0.2
0.85,0.2
0.86,0.2
0.87,0.2
0.88,0.2
0.89,0.2
0.9,0.2
0.91,0.2
0.92,0.2
0.93,0.2
0.94,0.2
0.95,0.2
0.96,0.2
0.97,0.2
0.98,0.2
0.99,0.2
1,0.2
1.01,0.2
1.02,0.2
1.03,0.2
1.04,0.2
1.05,0.2
1.06,0.2
1.07,0.2
1.08,0.2
1.09,0.2
1.1,0.2
1.11,0.2
1.12,0.2
1.13,0.2
1.14,0.2
1.15,0.2
1.16,0.2
1.17,0.2
1.18,0.2
1.19,0.2
1.2,0.2
1.21,0.2
1.22,0.2
1.23,0.2
1.24,0.2
1.25,0.2
1.26,0.2
1.27,0.2
1.28,0.2
1.29,0.2
1.3,0.2
1.31,0.2
1.32,0.2
1.33,0.2
1.34,0.2
1.35,0.2
1.36,0.2
1.37,0.2
1.38,0.2
1.39,0.2
1.4,0.2
1.41,0.2
1.42,0.2
1.43,0.2
1.44,0.2
1.45,0.2
1.46,0.2
1.47,0.2
1.48,0.2
1.49,0.2
1.5,0.2
1.51,0.2
1.52,0.2
1.53,0.2
1.54,0.2
1.55,0.2
1.56,0.2
1.57,0.2
1.58,0.2
1.59,0.2
1.6,0.2
1.61,0.2
1.62,0.2
1.63,0.2
1.64,0.2
1.65,0.2
1.66,0.2
1.67,0.2
1.68,0.2
1.69,0.2
1.7,0.2
1.71,0.2
1.72,0.2
1.73,0.2
1.74,0.2
1.75,0.2
1.76,0.2
1.77,0.2
1.78,0.2
1.79,0.2
1.8,0.2
1.81,0.2
1.82,0.2
1.83,0.2
1.84,0.2
1.85,0.2
1.86,0.2
1.87,0.2
1.88,0.2
1.89,0.2
1.9,0.2
1.91,0.2
1.92,0.2
1.93,0.2
1.94,0.2
1.95,0.2
1.96,0.2
1.97,0.2
1.98,0.2
1.99,0.2
2,0.2
2.01,0.2
2.02,0.2
2.03,0.2
2.04,0.2
2.05,0.2
2.06,0.2
2.07,0.2
2.08,0.2
2.09,0.2
2.1,0.2
2.11,0.2
2.12,0.2
2.13,0.2
2.14,0.2
2.15,0.2
2.16,0.2
2.17,0.2
2.18,0.2
2.19,0.2
2.2,0.2
2.21,0.2
2.22,0.2
2.23,0.2
2.24,0.2
2.25,0.2
2.26,0.2
2.27,0.2
2.28,0.2
2.29,0.2
2.3,0.2
2.31,0.2
2.32,0.2
2.33,0.2
2.34,0.2
2.35,0.2
2.36,0.2
2.37,0.2
2.38,0.2
2.39,0.2
2.4,0.2
2.41,0.2
2.42,0.2
2.43,0.2
2.44,0.2
2.45,0.2
2.46,0.2
2.47,0.2
2.48,0.2
2.49,0.2
2.5,0.2
2.51,0.2
2.52,0.2
2.53,0.2
2.54,0.2
2.55,0.2
2.56,0.2
2.57,0.2
2.58,0.2
2.59,0.2
2.6,0.2
2.61,0.2
2.62,0.21
2.63,0.21
2.64,0.21
2.65,0.21
2.66,0.21
2.67,0.21
2.68,0.21
2.69,0.21
2.7,0.21
2.71,0.21
2.72,0.21
2.73,0.21
2.74,0.21
2.75,0.21
2.76,0.21
2.77,0.21
2.78,0.21
2.79,0.21
2.8,0.21
2.81,0.21
2.82,0.21
2.83,0.21
2.84,0.21
2.85,0.21
2.86,0.21
2.87,0.21
2.88,0.21
2.89,0.21
2.9,0.21
2.91,0.21
2.92,0.21
2.93,0.21
2.94,0.21
2.95,0.21
2.96,0.21
2.97,0.21
2.98,0.21
2.99,0.21
3,0.21
3.01,0.21
3.02,0.21
3.03,0.21
3.04,0.21
3.05,0.21
3.06,0.21
3.07,0.21
3.08,0.21
3.09,0.21
3.1,0.21
3.11,0.21
3.12,0.21
3.13,0.21
3.14,0.21
3.15,0.21
3.16,0.21
3.17,0.21
3.18,0.21
3.19,0.21
3.2,0.21
3.21,0.21
3.22,0.21
3.23,0.21
3.24,0.21
3.25,0.21
3.26,0.21
3.27,0.21
3.28,0.21
3.29,0.21
3.3,0.21
3.31,0.21
3.32,0.21
3.33,0.21
3.34,0.21
3.35,0.21
3.36,0.21
3.37,0.21
3.38,0.21
3.39,0.21
3.4,0.21
3.41,0.21
3.42,0.21
3.43,0.21
3.44,0.21
3.45,0.21
3.46,0.21
3.47,0.21
3.48,0.21
3.49,0.21
3.5,0.21
3.51,0.21
3.52,0.21
3.53,0.21
3.54,0.21
3.55,0.21
3.56,0.21
3.57,0.21
3.58,0.21
3.59,0.21
3.6,0.21
3.61,0.21
3.62,0.21
3.63,0.21
3.64,0.21
3.65,0.21
3.66,0.21
3.67,0.21
3.68,0.21
3.69,0.21
3.7,0.21
3.71,0.21
3.72,0.21
3.73,0.21
3.74,0.21
3.75,0.21
3.76,0.21
3.77,0.21
3.78,0.21
3.79,0.21
3.8,0.21
3.81,0.21
3.82,0.21
3.83,0.21
3.84,0.21
3.85,0.21
3.86,0.21
3.87,0.21
3.88,0.21
3.89,0.21
3.9,0.21
3.91,0.21
3.92,0.21
3.93,0.21
3.94,0.21
3.95,0.21
3.96,0.21
3.97,0.21
3.98,0.21
3.99,0.21
4,0.21
4.01,0.21
4.02,0.21
4.03,0.21
4.04,0.21
4.05,0.21
4.06,0.21
4.07,0.21
4.08,0.21
4.09,0.21
4.1,0.21
4.11,0.21
4.12,0.21
4.13,0.21
4.14,0.21
4.15,0.21
4.16,0.21
4.17,0.21
4.18,0.21
4.19,0.21
4.2,0.21
4.21,0.21
4.22,0.21
4.23,0.21
4.24,0.21
4.25,0.21
4.26,0.21
4.27,0.21
4.28,0.21
4.29,0.21
4.3,0.21
4.31,0.21
4.32,0.21
4.33,0.21
4.34,0.21
4.35,0.21
4.36,0.21
4.37,0.21
4.38,0.21
4.39,0.21
4.4,0.21
4.41,0.21
4.42,0.21
4.43,0.21
4.44,0.21
4.45,0.21
4.46,0.21
4.47,0.21
4.48,0.21
4.49,0.21
4.5,0.21
4.51,0.21
4.52,0.21
4.53,0.21
4.54,0.21
4.55,0.21
4.56,0.21
4.57,0.21
4.58,0.21
4.59,0.21
4.6,0.21
4.61,0.21
4.62,0.21
4.63,0.21
4.64,0.21
4.65,0.21
4.66,0.21
4.67,0.21
4.68,0.21
4.69,0.21
4.7,0.21
4.71,0.21
4.72,0.21
4.73,0.21
4.74,0.21
4.75,0.21
4.76,0.21
4.77,0.21
4.78,0.21
4.79,0.21
4.8,0.21
4.81,0.21
4.82,0.21
4.83,0.21
4.84,0.21
4.85,0.21
4.86,0.21
4.87,0.21
4.88,0.21
4.89,0.21
4.9,0.21
4.91,0.21
4.92,0.21
4.93,0.21
4.94,0.21
4.95,0.21
4.96,0.21
4.97,0.21
4.98,0.21
4.99,0.21
5,0.21
5.01,0.21
5.02,0.21
5.03,0.21
5.04,0.21
5.05,0.21
5.06,0.21
5.07,0.21
5.08,0.21
5.09,0.21
5.1,0.21
5.11,0.21
5.12,0.21
5.13,0.21
5.14,0.21
5.15,0.21
5.16,0.21
5.17,0.21
5.18,0.21
5.19,0.21
5.2,0.21
5.21,0.21
5.22,0.21
5.23,0.21
5.24,0.21
5.25,0.21
5.26,0.21
5.27,0.21
5.28,0.21
5.29,0.21
5.3,0.21
5.31,0.21
5.32,0.21
5.33,0.21
5.34,0.21
5.35,0.21
5.36,0.21
5.37,0.21
5.38,0.21
5.39,0.21
5.4,0.21
5.41,0.21
5.42,0.21
5.43,0.21
5.44,0.21
5.45,0.21
5.46,0.21
5.47,0.21
5.48,0.21
5.49,0.21
5.5,0.21
5.51,0.21
5.52,0.21
5.53,0.21
5.54,0.21
5.55,0.21
5.56,0.21
5.57,0.21
5.58,0.21
5.59,0.21
5.6,0.21
5.61,0.21
5.62,0.21
5.63,0.21
5.64,0.21
5.65,0.21
5.66,0.21
5.67,0.21
5.68,0.21
5.69,0.21
5.7,0.21
5.71,0.21
5.72,0.21
5.73,0.21
5.74,0.21
5.75,0.21
5.76,0.21
5.77,0.21
5.78,0.21
5.79,0.21
5.8,0.21
5.81,0.21
5.82,0.21
5.83,0.21
5.84,0.22
5.85,0.22
5.86,0.22
5.87,0.22
5.88,0.22
5.89,0.22
5.9,0.22
5.91,0.22
5.92,0.22
5.93,0.22
5.94,0.22
5.95,0.22
5.96,0.22
5.97,0.22
5.98,0.22
5.99,0.22
6,0.22
6.01,0.22
6.02,0.22
6.03,0.22
6.04,0.22
6.05,0.22
6.06,0.22
6.07,0.22
6.08,0.22
6.09,0.22
6.1,0.22
6.11,0.22
6.12,0.22
6.13,0.22
6.14,0.22
6.15,0.22
6.16,0.22
6.17,0.22
6.18,0.22
6.19,0.22
6.2,0.22
6.21,0.22
6.22,0.22
6.23,0.22
6.24,0.22
6.25,0.22
6.26,0.22
6.27,0.22
6.28,0.22
6.29,0.22
6.3,0.22
6.31,0.22
6.32,0.22
6.33,0.22
6.34,0.22
6.35,0.22
6.36,0.22
6.37,0.22
6.38,0.22
6.39,0.22
6.4,0.22
6.41,0.22
6.42,0.22
6.43,0.22
6.44,0.22
6.45,0.22
6.46,0.22
6.47,0.22
6.48,0.22
6.49,0.22
6.5,0.22
6.51,0.22
6.52,0.22
6.53,0.22
6.54,0.22
6.55,0.22
6.56,0.22
6.57,0.22
6.58,0.22
6.59,0.22
6.6,0.22
6.61,0.22
6.62,0.22
6.63,0.22
6.64,0.22
6.65,0.22
6.66,0.22
6.67,0.22
6.68,0.22
6.69,0.22
6.7,0.22
6.71,0.22
6.72,0.22
6.73,0.22
6.74,0.22
6.75,0.22
6.76,0.22
6.77,0.22
6.78,0.22
6.79,0.22
6.8,0.22
6.81,0.22
6.82,0.22
6.83,0.22
6.84,0.22
6.85,0.22
6.86,0.22
6.87,0.22
6.88,0.22
6.89,0.22
6.9,0.22
6.91,0.22
6.92,0.22
6.93,0.22
6.94,0.22
6.95,0.22
6.96,0.22
6.97,0.22
6.98,0.22
6.99,0.22
7,0.22
7.01,0.22
7.02,0.22
7.03,0.22
7.04,0.22
7.05,0.22
7.06,0.22
7.07,0.22
7.08,0.22
7.09,0.22
7.1,0.22
7.11,0.22
7.12,0.22
7.13,0.22
7.14,0.22
7.15,0.22
7.16,0.22
7.17,0.22
7.18,0.22
7.19,0.22
7.2,0.22
7.21,0.22
7.22,0.22
7.23,0.22
7.24,0.22
7.25,0.22
7.26,0.22
7.27,0.22
7.28,0.22
7.29,0.22
7.3,0.22
7.31,0.22
7.32,0.22
7.33,0.22
7.34,0.22
7.35,0.22
7.36,0.22
7.37,0.22
7.38,0.22
7.39,0.22
7.4,0.22
7.41,0.22
7.42,0.22
7.43,0.22
7.44,0.22
7.45,0.22
7.46,0.22
7.47,0.22
7.48,0.22
7.49,0.22
7.5,0.22
7.51,0.22
7.52,0.22
7.53,0.22
7.54,0.22
7.55,0.22
7.56,0.22
7.57,0.22
7.58,0.22
7.59,0.22
7.6,0.22
7.61,0.22
7.62,0.22
7.63,0.22
7.64,0.22
7.65,0.22
7.66,0.22
7.67,0.22
7.68,0.22
7.69,0.22
7.7,0.22
7.71,0.22
7.72,0.22
7.73,0.22
7.74,0.22
7.75,0.22
7.76,0.22
7.77,0.22
7.78,0.22
7.79,0.22
7.8,0.22
7.81,0.22
7.82,0.22
7.83,0.22
7.84,0.22
7.85,0.22
7.86,0.22
7.87,0.22
7.88,0.22
7.89,0.22
7.9,0.22
7.91,0.22
7.92,0.22
7.93,0.22
7.94,0.22
7.95,0.22
7.96,0.22
7.97,0.22
7.98,0.22
7.99,0.22
8,0.22
8.01,0.22
8.02,0.22
8.03,0.22
8.04,0.22
8.05,0.22
8.06,0.22
8.07,0.22
8.08,0.22
8.09,0.22
8.1,0.22
8.11,0.22
8.12,0.22
8.13,0.22
8.14,0.22
8.15,0.22
8.16,0.22
8.17,0.22
8.18,0.22
8.19,0.22
8.2,0.22
8.21,0.22
8.22,0.22
8.23,0.22
8.24,0.22
8.25,0.22
8.26,0.22
8.27,0.22
8.28,0.22
8.29,0.22
8.3,0.22
8.31,0.22
8.32,0.22
8.33,0.22
8.34,0.22
8.35,0.22
8.36,0.22
8.37,0.22
8.38,0.22
8.39,0.22
8.4,0.22
8.41,0.22
8.42,0.22
8.43,0.22
8.44,0.22
8.45,0.22
8.46,0.22
8.47,0.22
8.48,0.22
8.49,0.22
8.5,0.22
8.51,0.22
8.52,0.22
8.53,0.22
8.54,0.22
8.55,0.22
8.56,0.22
8.57,0.22
8.58,0.22
8.59,0.22
8.6,0.22
8.61,0.23
8.62,0.23
8.63,0.23
8.64,0.23
8.65,0.23
8.66,0.23
8.67,0.23
8.68,0.23
8.69,0.23
8.7,0.23
8.71,0.23
8.72,0.23
8.73,0.23
8.74,0.23
8.75,0.23
8.76,0.23
8.77,0.23
8.78,0.23
8.79,0.23
8.8,0.23
8.81,0.23
8.82,0.23
8.83,0.23
8.84,0.23
8.85,0.23
8.86,0.23
8.87,0.23
8.88,0.23
8.89,0.23
8.9,0.23
8.91,0.23
8.92,0.23
8.93,0.23
8.94,0.23
8.95,0.23
8.96,0.23
8.97,0.23
8.98,0.23
8.99,0.23
9,0.23
9.01,0.23
9.02,0.23
9.03,0.23
9.04,0.23
9.05,0.23
9.06,0.23
9.07,0.23
9.08,0.23
9.09,0.23
9.1,0.23
9.11,0.23
9.12,0.23
9.13,0.23
9.14,0.23
9.15,0.23
9.16,0.23
9.17,0.23
9.18,0.23
9.19,0.23
9.2,0.23
9.21,0.23
9.22,0.23
9.23,0.23
9.24,0.23
9.25,0.23
9.26,0.23
9.27,0.23
9.28,0.23
9.29,0.23
9.3,0.23
9.31,0.23
9.32,0.23
9.33,0.23
9.34,0.23
9.35,0.23
9.36,0.23
9.37,0.23
9.38,0.23
9.39,0.23
9.4,0.23
9.41,0.23
9.42,0.23
9.43,0.23
9.44,0.23
9.45,0.23
9.46,0.23
9.47,0.23
9.48,0.23
9.49,0.23
9.5,0.23
9.51,0.23
9.52,0.23
9.53,0.23
9.54,0.23
9.55,0.23
9.56,0.23
9.57,0.23
9.58,0.23
9.59,0.23
9.6,0.23
9.61,0.23
9.62,0.23
9.63,0.23
9.64,0.23
9.65,0.23
9.66,0.23
9.67,0.23
9.68,0.23
9.69,0.23
9.7,0.23
9.71,0.23
9.72,0.23
9.73,0.23
9.74,0.23
9.75,0.23
9.76,0.23
9.77,0.23
9.78,0.23
9.79,0.23
9.8,0.23
9.81,0.23
9.82,0.23
9.83,0.23
9.84,0.23
9.85,0.23
9.86,0.23
9.87,0.23
9.88,0.23
9.89,0.23
9.9,0.23
9.91,0.23
9.92,0.23
9.93,0.23
9.94,0.23
9.95,0.23
9.96,0.23
9.97,0.23
9.98,0.23
9.99,0.23
10,0.23
10.01,0.23
10.02,0.23
10.03,0.23
10.04,0.23
10.05,0.23
10.06,0.23
10.07,0.23
10.08,0.23
10.09,0.23
10.1,0.23
10.11,0.23
10.12,0.23
10.13,0.23
10.14,0.23
10.15,0.23
10.16,0.23
10.17,0.23
10.18,0.23
10.19,0.23
10.2,0.23
10.21,0.23
10.22,0.23
10.23,0.23
10.24,0.23
10.25,0.23
10.26,0.23
10.27,0.23
10.28,0.23
10.29,0.23
10.3,0.23
10.31,0.23
10.32,0.23
10.33,0.23
10.34,0.23
10.35,0.23
10.36,0.23
10.37,0.23
10.38,0.23
10.39,0.23
10.4,0.23
10.41,0.23
10.42,0.23
10.43,0.23
10.44,0.23
10.45,0.23
10.46,0.23
10.47,0.23
10.48,0.23
10.49,0.23
10.5,0.23
10.51,0.23
10.52,0.23
10.53,0.23
10.54,0.23
10.55,0.23
10.56,0.23
10.57,0.23
10.58,0.23
10.59,0.23
10.6,0.23
10.61,0.23
10.62,0.23
10.63,0.23
10.64,0.23
10.65,0.23
10.66,0.23
10.67,0.23
10.68,0.23
10.69,0.23
10.7,0.23
10.71,0.23
10.72,0.23
10.73,0.23
10.74,0.23
10.75,0.23
10.76,0.23
10.77,0.23
10.78,0.23
10.79,0.23
10.8,0.23
10.81,0.23
10.82,0.23
10.83,0.23
10.84,0.23
10.85,0.23
10.86,0.23
10.87,0.23
10.88,0.23
10.89,0.23
10.9,0.23
10.91,0.23
10.92,0.23
10.93,0.24
10.94,0.24
10.95,0.24
10.96,0.24
10.97,0.24
10.98,0.24
10.99,0.24
11,0.24
11.01,0.24
11.02,0.24
11.03,0.24
11.04,0.24
11.05,0.24
11.06,0.24
11.07,0.24
11.08,0.24
11.09,0.24
11.1,0.24
11.11,0.24
11.12,0.24
11.13,0.24
11.14,0.24
11.15,0.24
11.16,0.24
11.17,0.24
11.18,0.24
11.19,0.24
11.2,0.24
11.21,0.24
11.22,0.24
11.23,0.24
11.24,0.24
11.25,0.24
11.26,0.24
11.27,0.24
11.28,0.24
11.29,0.24
11.3,0.24
11.31,0.24
11.32,0.24
11.33,0.24
11.34,0.24
11.35,0.24
11.36,0.24
11.37,0.24
11.38,0.24
11.39,0.24
11.4,0.24
11.41,0.24
11.42,0.24
11.43,0.24
11.44,0.24
11.45,0.24
11.46,0.24
11.47,0.24
11.48,0.24
11.49,0.24
11.5,0.24
11.51,0.24
11.52,0.24
11.53,0.24
11.54,0.24
11.55,0.24
11.56,0.24
11.57,0.24
11.58,0.24
11.59,0.24
11.6,0.24
11.61,0.24
11.62,0.24
11.63,0.24
11.64,0.24
11.65,0.24
11.66,0.24
11.67,0.24
11.68,0.24
11.69,0.24
11.7,0.24
11.71,0.24
11.72,0.24
11.73,0.24
11.74,0.24
11.75,0.24
11.76,0.24
11.77,0.24
11.78,0.24
11.79,0.24
11.8,0.24
11.81,0.24
11.82,0.24
11.83,0.24
11.84,0.24
11.85,0.24
11.86,0.24
11.87,0.24
11.88,0.24
11.89,0.24
11.9,0.24
11.91,0.24
11.92,0.24
11.93,0.24
11.94,0.24
11.95,0.24
11.96,0.24
11.97,0.24
11.98,0.24
11.99,0.24
12,0.24
12.01,0.24
12.02,0.24
12.03,0.24
12.04,0.24
12.05,0.24
12.06,0.24
12.07,0.24
12.08,0.24
12.09,0.24
12.1,0.24
12.11,0.24
12.12,0.24
12.13,0.24
12.14,0.24
12.15,0.24
12.16,0.24
12.17,0.24
12.18,0.24
12.19,0.24
12.2,0.24
12.21,0.24
12.22,0.24
12.23,0.24
12.24,0.24
12.25,0.24
12.26,0.24
12.27,0.24
12.28,0.24
12.29,0.24
12.3,0.24
12.31,0.24
12.32,0.24
12.33,0.24
12.34,0.24
12.35,0.24
12.36,0.24
12.37,0.24
12.38,0.24
12.39,0.24
12.4,0.24
12.41,0.24
12.42,0.24
12.43,0.24
12.44,0.24
12.45,0.24
12.46,0.24
12.47,0.24
12.48,0.24
12.49,0.24
12.5,0.24
12.51,0.24
12.52,0.24
12.53,0.24
12.54,0.24
12.55,0.24
12.56,0.24
12.57,0.24
12.58,0.24
12.59,0.24
12.6,0.24
12.61,0.24
12.62,0.24
12.63,0.24
12.64,0.24
12.65,0.24
12.66,0.24
12.67,0.24
12.68,0.24
12.69,0.24
12.7,0.24
12.71,0.24
12.72,0.24
12.73,0.24
12.74,0.24
12.75,0.24
12.76,0.24
12.77,0.24
12.78,0.24
12.79,0.24
12.8,0.24
12.81,0.24
12.82,0.24
12.83,0.24
12.84,0.24
12.85,0.24
12.86,0.24
12.87,0.24
12.88,0.24
12.89,0.24
12.9,0.24
12.91,0.24
12.92,0.24
12.93,0.25
12.94,0.25
12.95,0.25
12.96,0.25
12.97,0.25
12.98,0.25
12.99,0.25
13,0.25
13.01,0.25
13.02,0.25
13.03,0.25
13.04,0.25
13.05,0.25
13.06,0.25
13.07,0.25
13.08,0.25
13.09,0.25
13.1,0.25
13.11,0.25
13.12,0.25
13.13,0.25
13.14,0.25
13.15,0.25
13.16,0.25
13.17,0.25
13.18,0.25
13.19,0.25
13.2,0.25
13.21,0.25
13.22,0.25
13.23,0.25
13.24,0.25
13.25,0.25
13.26,0.25
13.27,0.25
13.28,0.25
13.29,0.25
13.3,0.25
13.31,0.25
13.32,0.25
13.33,0.25
13.34,0.25
13.35,0.25
13.36,0.25
13.37,0.25
13.38,0.25
13.39,0.25
13.4,0.25
13.41,0.25
13.42,0.25
13.43,0.25
13.44,0.25
13.45,0.25
13.46,0.25
13.47,0.25
13.48,0.25
13.49,0.25
13.5,0.25
13.51,0.25
13.52,0.25
13.53,0.25
13.54,0.25
13.55,0.25
13.56,0.25
13.57,0.25
13.58,0.25
13.59,0.25
13.6,0.25
13.61,0.25
13.62,0.25
13.63,0.25
13.64,0.25
13.65,0.25
13.66,0.25
13.67,0.25
13.68,0.25
13.69,0.25
13.7,0.25
13.71,0.25
13.72,0.25
13.73,0.25
13.74,0.25
13.75,0.25
13.76,0.25
13.77,0.25
13.78,0.25
13.79,0.25
13.8,0.25
13.81,0.25
13.82,0.25
13.83,0.25
13.84,0.25
13.85,0.25
13.86,0.25
13.87,0.25
13.88,0.25
13.89,0.25
13.9,0.25
13.91,0.25
13.92,0.25
13.93,0.25
13.94,0.25
13.95,0.25
13.96,0.25
13.97,0.25
13.98,0.25
13.99,0.25
14,0.25
14.01,0.25
14.02,0.25
14.03,0.25
14.04,0.25
14.05,0.25
14.06,0.25
14.07,0.25
14.08,0.25
14.09,0.25
14.1,0.25
14.11,0.25
14.12,0.25
14.13,0.25
14.14,0.25
14.15,0.25
14.16,0.25
14.17,0.25
14.18,0.25
14.19,0.25
14.2,0.25
14.21,0.25
14.22,0.25
14.23,0.25
14.24,0.25
14.25,0.25
14.26,0.25
14.27,0.25
14.28,0.25
14.29,0.25
14.3,0.25
14.31,0.25
14.32,0.25
14.33,0.25
14.34,0.25
14.35,0.25
14.36,0.25
14.37,0.25
14.38,0.25
14.39,0.25
14.4,0.25
14.41,0.25
14.42,0.25
14.43,0.25
14.44,0.25
14.45,0.25
14.46,0.25
14.47,0.25
14.48,0.25
14.49,0.25
14.5,0.25
14.51,0.25
14.52,0.25
14.53,0.25
14.54,0.25
14.55,0.25
14.56,0.25
14.57,0.26
14.58,0.26
14.59,0.26
14.6,0.26
14.61,0.26
14.62,0.26
14.63,0.26
14.64,0.26
14.65,0.26
14.66,0.26
14.67,0.26
14.68,0.26
14.69,0.26
14.7,0.26
14.71,0.26
14.72,0.26
14.73,0.26
14.74,0.26
14.75,0.26
14.76,0.26
14.77,0.26
14.78,0.26
14.79,0.26
14.8,0.26
14.81,0.26
14.82,0.26
14.83,0.26
14.84,0.26
14.85,0.26
14.86,0.26
14.87,0.26
14.88,0.26
14.89,0.26
14.9,0.26
14.91,0.26
14.92,0.26
14.93,0.26
14.94,0.26
14.95,0.26
14.96,0.26
14.97,0.26
14.98,0.26
14.99,0.26
15,0.26
15.01,0.26
15.02,0.26
15.03,0.26
15.04,0.26
15.05,0.26
15.06,0.26
15.07,0.26
15.08,0.26
15.09,0.26
15.1,0.26
15.11,0.26
15.12,0.26
15.13,0.26
15.14,0.26
15.15,0.26
15.16,0.26
15.17,0.26
15.18,0.26
15.19,0.26
15.2,0.26
15.21,0.26
15.22,0.26
15.23,0.26
15.24,0.26
15.25,0.26
15.26,0.26
15.27,0.26
15.28,0.26
15.29,0.26
15.3,0.26
15.31,0.26
15.32,0.26
15.33,0.26
15.34,0.26
15.35,0.26
15.36,0.26
15.37,0.26
15.38,0.26
15.39,0.26
15.4,0.26
15.41,0.26
15.42,0.26
15.43,0.26
15.44,0.26
15.45,0.26
15.46,0.26
15.47,0.26
15.48,0.26
15.49,0.26
15.5,0.26
15.51,0.26
15.52,0.26
15.53,0.26
15.54,0.26
15.55,0.26
15.56,0.26
15.57,0.26
15.58,0.26
15.59,0.26
15.6,0.26
15.61,0.26
15.62,0.26
15.63,0.26
15.64,0.26
15.65,0.26
15.66,0.26
15.67,0.26
15.68,0.26
15.69,0.26
15.7,0.26
15.71,0.26
15.72,0.26
15.73,0.26
15.74,0.26
15.75,0.26
15.76,0.26
15.77,0.26
15.78,0.26
15.79,0.26
15.8,0.26
15.81,0.26
15.82,0.26
15.83,0.26
15.84,0.26
15.85,0.26
15.86,0.26
15.87,0.26
15.88,0.26
15.89,0.26
15.9,0.26
15.91,0.26
15.92,0.26
15.93,0.27
15.94,0.27
15.95,0.27
15.96,0.27
15.97,0.27
15.98,0.27
15.99,0.27
16,0.27
16.01,0.27
16.02,0.27
16.03,0.27
16.04,0.27
16.05,0.27
16.06,0.27
16.07,0.27
16.08,0.27
16.09,0.27
16.1,0.27
16.11,0.27
16.12,0.27
16.13,0.27
16.14,0.27
16.15,0.27
16.16,0.27
16.17,0.27
16.18,0.27
16.19,0.27
16.2,0.27
16.21,0.27
16.22,0.27
16.23,0.27
16.24,0.27
16.25,0.27
16.26,0.27
16.27,0.27
16.28,0.27
16.29,0.27
16.3,0.27
16.31,0.27
16.32,0.27
16.33,0.27
16.34,0.27
16.35,0.27
16.36,0.27
16.37,0.27
16.38,0.27
16.39,0.27
16.4,0.27
16.41,0.27
16.42,0.27
16.43,0.27
16.44,0.27
16.45,0.27
16.46,0.27
16.47,0.27
16.48,0.27
16.49,0.27
16.5,0.27
16.51,0.27
16.52,0.27
16.53,0.27
16.54,0.27
16.55,0.27
16.56,0.27
16.57,0.27
16.58,0.27
16.59,0.27
16.6,0.27
16.61,0.27
16.62,0.27
16.63,0.27
16.64,0.27
16.65,0.27
16.66,0.27
16.67,0.27
16.68,0.27
16.69,0.27
16.7,0.27
16.71,0.27
16.72,0.27
16.73,0.27
16.74,0.27
16.75,0.27
16.76,0.27
16.77,0.27
16.78,0.27
16.79,0.27
16.8,0.27
16.81,0.27
16.82,0.27
16.83,0.27
16.84,0.27
16.85,0.27
16.86,0.27
16.87,0.27
16.88,0.27
16.89,0.27
16.9,0.27
16.91,0.27
16.92,0.27
16.93,0.27
16.94,0.27
16.95,0.27
16.96,0.27
16.97,0.27
16.98,0.27
16.99,0.27
17,0.27
17.01,0.27
17.02,0.27
17.03,0.27
17.04,0.27
17.05,0.27
17.06,0.27
17.07,0.27
17.08,0.27
17.09,0.27
17.1,0.27
17.11,0.27
17.12,0.27
17.13,0.27
17.14,0.27
17.15,0.27
17.16,0.28
17.17,0.28
17.18,0.28
17.19,0.28
17.2,0.28
17.21,0.28
17.22,0.28
17.23,0.28
17.24,0.28
17.25,0.28
17.26,0.28
17.27,0.28
17.28,0.28
17.29,0.28
17.3,0.28
17.31,0.28
17.32,0.28
17.33,0.28
17.34,0.28
17.35,0.28
17.36,0.28
17.37,0.28
17.38,0.28
17.39,0.28
17.4,0.28
17.41,0.28
17.42,0.28
17.43,0.28
17.44,0.28
17.45,0.28
17.46,0.28
17.47,0.28
17.48,0.28
17.49,0.28
17.5,0.28
17.51,0.28
17.52,0.28
17.53,0.28
17.54,0.28
17.55,0.28
17.56,0.28
17.57,0.28
17.58,0.28
17.59,0.28
17.6,0.28
17.61,0.28
17.62,0.28
17.63,0.28
17.64,0.28
17.65,0.28
17.66,0.28
17.67,0.28
17.68,0.28
17.69,0.28
17.7,0.28
17.71,0.28
17.72,0.28
17.73,0.28
17.74,0.28
17.75,0.28
17.76,0.28
17.77,0.28
17.78,0.28
17.79,0.28
17.8,0.28
17.81,0.28
17.82,0.28
17.83,0.28
17.84,0.28
17.85,0.28
17.86,0.28
17.87,0.28
17.88,0.28
17.89,0.28
17.9,0.28
17.91,0.28
17.92,0.28
17.93,0.28
17.94,0.28
17.95,0.28
17.96,0.28
17.97,0.28
17.98,0.28
17.99,0.28
18,0.28
18.01,0.28
18.02,0.28
18.03,0.28
18.04,0.28
18.05,0.28
18.06,0.28
18.07,0.28
18.08,0.28
18.09,0.28
18.1,0.28
18.11,0.28
18.12,0.28
18.13,0.28
18.14,0.29
18.15,0.29
18.16,0.29
18.17,0.29
18.18,0.29
18.19,0.29
18.2,0.29
18.21,0.29
18.22,0.29
18.23,0.29
18.24,0.29
18.25,0.29
18.26,0.29
18.27,0.29
18.28,0.29
18.29,0.29
18.3,0.29
18.31,0.29
18.32,0.29
18.33,0.29
18.34,0.29
18.35,0.29
18.36,0.29
18.37,0.29
18.38,0.29
18.39,0.29
18.4,0.29
18.41,0.29
18.42,0.29
18.43,0.29
18.44,0.29
18.45,0.29
18.46,0.29
18.47,0.29
18.48,0.29
18.49,0.29
18.5,0.29
18.51,0.29
18.52,0.29
18.53,0.29
18.54,0.29
18.55,0.29
18.56,0.29
18.57,0.29
18.58,0.29
18.59,0.29
18.6,0.29
18.61,0.29
18.62,0.29
18.63,0.29
18.64,0.29
18.65,0.29
18.66,0.29
18.67,0.29
18.68,0.29
18.69,0.29
18.7,0.29
18.71,0.29
18.72,0.29
18.73,0.29
18.74,0.29
18.75,0.29
18.76,0.29
18.77,0.29
18.78,0.29
18.79,0.29
18.8,0.29
18.81,0.29
18.82,0.29
18.83,0.29
18.84,0.29
18.85,0.29
18.86,0.29
18.87,0.29
18.88,0.29
18.89,0.29
18.9,0.29
18.91,0.29
18.92,0.29
18.93,0.29
18.94,0.29
18.95,0.29
18.96,0.29
18.97,0.29
18.98,0.29
18.99,0.29
19,0.29
19.01,0.3
19.02,0.3
19.03,0.3
19.04,0.3
19.05,0.3
19.06,0.3
19.07,0.3
19.08,0.3
19.09,0.3
19.1,0.3
19.11,0.3
19.12,0.3
19.13,0.3
19.14,0.3
19.15,0.3
19.16,0.3
19.17,0.3
19.18,0.3
19.19,0.3
19.2,0.3
19.21,0.3
19.22,0.3
19.23,0.3
19.24,0.3
19.25,0.3
19.26,0.3
19.27,0.3
19.28,0.3
19.29,0.3
19.3,0.3
19.31,0.3
19.32,0.3
19.33,0.3
19.34,0.3
19.35,0.3
19.36,0.3
19.37,0.3
19.38,0.3
19.39,0.3
19.4,0.3
19.41,0.3
19.42,0.3
19.43,0.3
19.44,0.3
19.45,0.3
19.46,0.3
19.47,0.3
19.48,0.3
19.49,0.3
19.5,0.3
19.51,0.3
19.52,0.3
19.53,0.3
19.54,0.3
19.55,0.3
19.56,0.3
19.57,0.3
19.58,0.3
19.59,0.3
19.6,0.3
19.61,0.3
19.62,0.3
19.63,0.3
19.64,0.3
19.65,0.3
19.66,0.3
19.67,0.3
19.68,0.3
19.69,0.3
19.7,0.3
19.71,0.3
19.72,0.3
19.73,0.3
19.74,0.3
19.75,0.3
19.76,0.3
19.77,0.3
19.78,0.3
19.79,0.3
19.8,0.3
19.81,0.3
19.82,0.3
19.83,0.31
19.84,0.31
19.85,0.31
19.86,0.31
19.87,0.31
19.88,0.31
19.89,0.31
19.9,0.31
19.91,0.31
19.92,0.31
19.93,0.31
19.94,0.31
19.95,0.31
19.96,0.31
19.97,0.31
19.98,0.31
19.99,0.31
20,0.31
20.01,0.31
20.02,0.31
20.03,0.31
20.04,0.31
20.05,0.31
20.06,0.31
20.07,0.31
20.08,0.31
20.09,0.31
20.1,0.31
20.11,0.31
20.12,0.31
20.13,0.31
20.14,0.31
20.15,0.31
20.16,0.31
20.17,0.31
20.18,0.31
20.19,0.31
20.2,0.31
20.21,0.31
20.22,0.31
20.23,0.31
20.24,0.31
20.25,0.31
20.26,0.31
20.27,0.31
20.28,0.31
20.29,0.31
20.3,0.31
20.31,0.31
20.32,0.31
20.33,0.31
20.34,0.31
20.35,0.31
20.36,0.31
20.37,0.31
20.38,0.31
20.39,0.31
20.4,0.31
20.41,0.31
20.42,0.31
20.43,0.31
20.44,0.31
20.45,0.31
20.46,0.31
20.47,0.31
20.48,0.31
20.49,0.32
20.5,0.32
20.51,0.32
20.52,0.32
20.53,0.32
20.54,0.32
20.55,0.32
20.56,0.32
20.57,0.32
20.58,0.32
20.59,0.32
20.6,0.32
20.61,0.32
20.62,0.32
20.63,0.32
20.64,0.32
20.65,0.32
20.66,0.32
20.67,0.32
20.68,0.32
20.69,0.32
20.7,0.32
20.71,0.32
20.72,0.32
20.73,0.32
20.74,0.32
20.75,0.32
20.76,0.32
20.77,0.32
20.78,0.32
20.79,0.32
20.8,0.32
20.81,0.32
20.82,0.32
20.83,0.32
20.84,0.32
20.85,0.32
20.86,0.32
20.87,0.32
20.88,0.32
20.89,0.32
20.9,0.32
20.91,0.32
20.92,0.32
20.93,0.32
20.94,0.32
20.95,0.32
20.96,0.32
20.97,0.32
20.98,0.32
20.99,0.32
21,0.32
21.01,0.32
21.02,0.32
21.03,0.32
21.04,0.32
21.05,0.33
21.06,0.33
21.07,0.33
21.08,0.33
21.09,0.33
21.1,0.33
21.11,0.33
21.12,0.33
21.13,0.33
21.14,0.33
21.15,0.33
21.16,0.33
21.17,0.33
21.18,0.33
21.19,0.33
21.2,0.33
21.21,0.33
21.22,0.33
21.23,0.33
21.24,0.33
21.25,0.33
21.26,0.33
21.27,0.33
21.28,0.33
21.29,0.33
21.3,0.33
21.31,0.33
21.32,0.33
21.33,0.33
21.34,0.33
21.35,0.33
21.36,0.33
21.37,0.33
21.38,0.33
21.39,0.33
21.4,0.33
21.41,0.33
21.42,0.33
21.43,0.33
21.44,0.33
21.45,0.33
21.46,0.33
21.47,0.33
21.48,0.33
21.49,0.33
21.5,0.33
21.51,0.33
21.52,0.33
21.53,0.33
21.54,0.33
21.55,0.33
21.56,0.33
21.57,0.33
21.58,0.33
21.59,0.33
21.6,0.34
21.61,0.34
21.62,0.34
21.63,0.34
21.64,0.34
21.65,0.34
21.66,0.34
21.67,0.34
21.68,0.34
21.69,0.34
21.7,0.34
21.71,0.34
21.72,0.34
21.73,0.34
21.74,0.34
21.75,0.34
21.76,0.34
21.77,0.34
21.78,0.34
21.79,0.34
21.8,0.34
21.81,0.34
21.82,0.34
21.83,0.34
21.84,0.34
21.85,0.34
21.86,0.34
21.87,0.34
21.88,0.34
21.89,0.34
21.9,0.34
21.91,0.34
21.92,0.34
21.93,0.34
21.94,0.34
21.95,0.34
21.96,0.34
21.97,0.34
21.98,0.34
21.99,0.34
22,0.34
22.01,0.34
22.02,0.34
22.03,0.34
22.04,0.34
22.05,0.34
22.06,0.35
22.07,0.35
22.08,0.35
22.09,0.35
22.1,0.35
22.11,0.35
22.12,0.35
22.13,0.35
22.14,0.35
22.15,0.35
22.16,0.35
22.17,0.35
22.18,0.35
22.19,0.35
22.2,0.35
22.21,0.35
22.22,0.35
22.23,0.35
22.24,0.35
22.25,0.35
22.26,0.35
22.27,0.35
22.28,0.35
22.29,0.35
22.3,0.35
22.31,0.35
22.32,0.35
22.33,0.35
22.34,0.35
22.35,0.35
22.36,0.35
22.37,0.35
22.38,0.35
22.39,0.35
22.4,0.35
22.41,0.35
22.42,0.35
22.43,0.35
22.44,0.35
22.45,0.35
22.46,0.35
22.47,0.35
22.48,0.35
22.49,0.35
22.5,0.35
22.51,0.36
22.52,0.36
22.53,0.36
22.54,0.36
22.55,0.36
22.56,0.36
22.57,0.36
22.58,0.36
22.59,0.36
22.6,0.36
22.61,0.36
22.62,0.36
22.63,0.36
22.64,0.36
22.65,0.36
22.66,0.36
22.67,0.36
22.68,0.36
22.69,0.36
22.7,0.36
22.71,0.36
22.72,0.36
22.73,0.36
22.74,0.36
22.75,0.36
22.76,0.36
22.77,0.36
22.78,0.36
22.79,0.36
22.8,0.36
22.81,0.36
22.82,0.36
22.83,0.36
22.84,0.36
22.85,0.36
22.86,0.36
22.87,0.36
22.88,0.36
22.89,0.36
22.9,0.36
22.91,0.37
22.92,0.37
22.93,0.37
22.94,0.37
22.95,0.37
22.96,0.37
22.97,0.37
22.98,0.37
22.99,0.37
23,0.37
23.01,0.37
23.02,0.37
23.03,0.37
23.04,0.37
23.05,0.37
23.06,0.37
23.07,0.37
23.08,0.37
23.09,0.37
23.1,0.37
23.11,0.37
23.12,0.37
23.13,0.37
23.14,0.37
23.15,0.37
23.16,0.37
23.17,0.37
23.18,0.37
23.19,0.37
23.2,0.37
23.21,0.37
23.22,0.37
23.23,0.37
23.24,0.37
23.25,0.37
23.26,0.37
23.27,0.37
23.28,0.38
23.29,0.38
23.3,0.38
23.31,0.38
23.32,0.38
23.33,0.38
23.34,0.38
23.35,0.38
23.36,0.38
23.37,0.38
23.38,0.38
23.39,0.38
23.4,0.38
23.41,0.38
23.42,0.38
23.43,0.38
23.44,0.38
23.45,0.38
23.46,0.38
23.47,0.38
23.48,0.38
23.49,0.38
23.5,0.38
23.51,0.38
23.52,0.38
23.53,0.38
23.54,0.38
23.55,0.38
23.56,0.38
23.57,0.38
23.58,0.38
23.59,0.39
23.6,0.39
23.61,0.39
23.62,0.39
23.63,0.39
23.64,0.39
23.65,0.39
23.66,0.39
23.67,0.39
23.68,0.39
23.69,0.39
23.7,0.39
23.71,0.39
23.72,0.39
23.73,0.39
23.74,0.39
23.75,0.39
23.76,0.39
23.77,0.39
23.78,0.39
23.79,0.39
23.8,0.39
23.81,0.39
23.82,0.39
23.83,0.39
23.84,0.39
23.85,0.39
23.86,0.4
23.87,0.4
23.88,0.4
23.89,0.4
23.9,0.4
23.91,0.4
23.92,0.4
23.93,0.4
23.94,0.4
23.95,0.4
23.96,0.4
23.97,0.4
23.98,0.4
23.99,0.4
24,0.4
24.01,0.4
24.02,0.4
24.03,0.4
24.04,0.4
24.05,0.4
24.06,0.4
24.07,0.4
24.08,0.4
24.09,0.4
24.1,0.4
24.11,0.4
24.12,0.4
24.13,0.41
24.14,0.41
24.15,0.41
24.16,0.41
24.17,0.41
24.18,0.41
24.19,0.41
24.2,0.41
24.21,0.41
24.22,0.41
24.23,0.41
24.24,0.41
24.25,0.41
24.26,0.41
24.27,0.41
24.28,0.41
24.29,0.41
24.3,0.41
24.31,0.41
24.32,0.41
24.33,0.41
24.34,0.41
24.35,0.41
24.36,0.41
24.37,0.42
24.38,0.42
24.39,0.42
24.4,0.42
24.41,0.42
24.42,0.42
24.43,0.42
24.44,0.42
24.45,0.42
24.46,0.42
24.47,0.42
24.48,0.42
24.49,0.42
24.5,0.42
24.51,0.42
24.52,0.42
24.53,0.42
24.54,0.42
24.55,0.42
24.56,0.42
24.57,0.42
24.58,0.42
24.59,0.42
24.6,0.42
24.61,0.43
24.62,0.43
24.63,0.43
24.64,0.43
24.65,0.43
24.66,0.43
24.67,0.43
24.68,0.43
24.69,0.43
24.7,0.43
24.71,0.43
24.72,0.43
24.73,0.43
24.74,0.43
24.75,0.43
24.76,0.43
24.77,0.43
24.78,0.43
24.79,0.43
24.8,0.43
24.81,0.44
24.82,0.44
24.83,0.44
24.84,0.44
24.85,0.44
24.86,0.44
24.87,0.44
24.88,0.44
24.89,0.44
24.9,0.44
24.91,0.44
24.92,0.44
24.93,0.44
24.94,0.44
24.95,0.44
24.96,0.44
24.97,0.44
24.98,0.44
24.99,0.45
25,0.45
25.01,0.45
25.02,0.45
25.03,0.45
25.04,0.45
25.05,0.45
25.06,0.45
25.07,0.45
25.08,0.45
25.09,0.45
25.1,0.45
25.11,0.45
25.12,0.45
25.13,0.45
25.14,0.45
25.15,0.45
25.16,0.45
25.17,0.46
25.18,0.46
25.19,0.46
25.2,0.46
25.21,0.46
25.22,0.46
25.23,0.46
25.24,0.46
25.25,0.46
25.26,0.46
25.27,0.46
25.28,0.46
25.29,0.46
25.3,0.46
25.31,0.46
25.32,0.46
25.33,0.46
25.34,0.47
25.35,0.47
25.36,0.47
25.37,0.47
25.38,0.47
25.39,0.47
25.4,0.47
25.41,0.47
25.42,0.47
25.43,0.47
25.44,0.47
25.45,0.47
25.46,0.47
25.47,0.47
25.48,0.47
25.49,0.48
25.5,0.48
25.51,0.48
25.52,0.48
25.53,0.48
25.54,0.48
25.55,0.48
25.56,0.48
25.57,0.48
25.58,0.48
25.59,0.48
25.6,0.48
25.61,0.48
25.62,0.48
25.63,0.48
25.64,0.49
25.65,0.49
25.66,0.49
25.67,0.49
25.68,0.49
25.69,0.49
25.7,0.49
25.71,0.49
25.72,0.49
25.73,0.49
25.74,0.49
25.75,0.49
25.76,0.49
25.77,0.5
25.78,0.5
25.79,0.5
25.8,0.5
25.81,0.5
25.82,0.5
25.83,0.5
25.84,0.5
25.85,0.5
25.86,0.5
25.87,0.5
25.88,0.5
25.89,0.51
25.9,0.51
25.91,0.51
25.92,0.51
25.93,0.51
25.94,0.51
25.95,0.51
25.96,0.51
25.97,0.51
25.98,0.51
25.99,0.51
26,0.51
26.01,0.52
26.02,0.52
26.03,0.52
26.04,0.52
26.05,0.52
26.06,0.52
26.07,0.52
26.08,0.52
26.09,0.52
26.1,0.52
26.11,0.52
26.12,0.52
26.13,0.53
26.14,0.53
26.15,0.53
26.16,0.53
26.17,0.53
26.18,0.53
26.19,0.53
26.2,0.53
26.21,0.53
26.22,0.53
26.23,0.53
26.24,0.54
26.25,0.54
26.26,0.54
26.27,0.54
26.28,0.54
26.29,0.54
26.3,0.54
26.31,0.54
26.32,0.54
26.33,0.55
26.34,0.55
26.35,0.55
26.36,0.55
26.37,0.55
26.38,0.55
26.39,0.55
26.4,0.55
26.41,0.55
26.42,0.56
26.43,0.56
26.44,0.56
26.45,0.56
26.46,0.56
26.47,0.56
26.48,0.56
26.49,0.56
26.5,0.57
26.51,0.57
26.52,0.57
26.53,0.57
26.54,0.57
26.55,0.57
26.56,0.57
26.57,0.57
26.58,0.58
26.59,0.58
26.6,0.58
26.61,0.58
26.62,0.58
26.63,0.58
26.64,0.58
26.65,0.59
26.66,0.59
26.67,0.59
26.68,0.59
26.69,0.59
26.7,0.59
26.71,0.59
26.72,0.6
26.73,0.6
26.74,0.6
26.75,0.6
26.76,0.6
26.77,0.6
26.78,0.6
26.79,0.61
26.8,0.61
26.81,0.61
26.82,0.61
26.83,0.61
26.84,0.61
26.85,0.62
26.86,0.62
26.87,0.62
26.88,0.62
26.89,0.62
26.9,0.62
26.91,0.63
26.92,0.63
26.93,0.63
26.94,0.63
26.95,0.63
26.96,0.63
26.97,0.64
26.98,0.64
26.99,0.64
27,0.64
27.01,0.64
27.02,0.64
27.03,0.65
27.04,0.65
27.05,0.65
27.06,0.65
27.07,0.65
27.08,0.66
27.09,0.66
27.1,0.66
27.11,0.66
27.12,0.66
27.13,0.67
27.14,0.67
27.15,0.67
27.16,0.67
27.17,0.67
27.18,0.68
27.19,0.68
27.2,0.68
27.21,0.68
27.22,0.68
27.23,0.69
27.24,0.69
27.25,0.69
27.26,0.69
27.27,0.69
27.28,0.7
27.29,0.7
27.3,0.7
27.31,0.7
27.32,0.7
27.33,0.71
27.34,0.71
27.35,0.71
27.36,0.71
27.37,0.71
27.38,0.72
27.39,0.72
27.4,0.72
27.41,0.72
27.42,0.73
27.43,0.73
27.44,0.73
27.45,0.74
27.46,0.74
27.47,0.74
27.48,0.74
27.49,0.75
27.5,0.75
27.51,0.75
27.52,0.76
27.53,0.76
27.54,0.76
27.55,0.77
27.56,0.77
27.57,0.77
27.58,0.77
27.59,0.78
27.6,0.78
27.61,0.78
27.62,0.79
27.63,0.79
27.64,0.79
27.65,0.8
27.66,0.8
27.67,0.81
27.68,0.81
27.69,0.81
27.7,0.82
27.71,0.82
27.72,0.82
27.73,0.83
27.74,0.83
27.75,0.84
27.76,0.84
27.77,0.84
27.78,0.85
27.79,0.85
27.8,0.86
27.81,0.86
27.82,0.86
27.83,0.87
27.84,0.87
27.85,0.88
27.86,0.88
27.87,0.89
27.88,0.89
27.89,0.89
27.9,0.9
27.91,0.9
27.92,0.91
27.93,0.91
27.94,0.92
27.95,0.92
27.96,0.92
27.97,0.93
27.98,0.93
27.99,0.94
28,0.94
28.01,0.94
28.02,0.95
28.03,0.95
28.04,0.96
28.05,0.96
28.06,0.96
28.07,0.97
28.08,0.97
28.09,0.97
28.1,0.98
28.11,0.98
28.12,0.98
28.13,0.99
28.14,0.99
28.15,0.99
28.16,0.99
28.17,0.99
28.18,1
28.19,1
28.2,1
28.21,1
28.22,1
28.23,1
28.24,1
28.25,1
28.26,1
28.27,1
28.28,1
28.29,1
28.3,0.99
28.31,0.99
28.32,0.99
28.33,0.99
28.34,0.99
28.35,0.98
28.36,0.98
28.37,0.97
28.38,0.97
28.39,0.97
28.4,0.96
28.41,0.96
28.42,0.95
28.43,0.95
28.44,0.94
28.45,0.93
28.46,0.93
28.47,0.92
28.48,0.91
28.49,0.9
28.5,0.9
28.51,0.89
28.52,0.88
28.53,0.87
28.54,0.86
28.55,0.85
28.56,0.84
28.57,0.83
28.58,0.82
28.59,0.81
28.6,0.8
28.61,0.79
28.62,0.77
28.63,0.76
28.64,0.75
28.65,0.74
28.66,0.73
28.67,0.71
28.68,0.7
28.69,0.69
28.7,0.68
28.71,0.66
28.72,0.65
28.73,0.64
28.74,0.62
28.75,0.61
28.76,0.6
28.77,0.59
28.78,0.57
28.79,0.56
28.8,0.55
28.81,0.53
28.82,0.52
28.83,0.51
28.84,0.49
28.85,0.48
28.86,0.47
28.87,0.46
28.88,0.44
28.89,0.43
28.9,0.42
28.91,0.4
28.92,0.39
28.93,0.38
28.94,0.37
28.95,0.35
28.96,0.34
28.97,0.33
28.98,0.32
28.99,0.31
29,0.3
29.01,0.28
29.02,0.27
29.03,0.26
29.04,0.25
29.05,0.24
29.06,0.23
29.07,0.22
29.08,0.21
29.09,0.2
29.1,0.2
29.11,0.19
29.12,0.18
29.13,0.17
29.14,0.16
29.15,0.16
29.16,0.15
29.17,0.14
29.18,0.14
29.19,0.13
29.2,0.12
29.21,0.12
29.22,0.11
29.23,0.11
29.24,0.1
29.25,0.1
29.26,0.09
29.27,0.09
29.28,0.08
29.29,0.08
29.3,0.08
29.31,0.07
29.32,0.07
29.33,0.07
29.34,0.06
29.35,0.06
29.36,0.06
29.37,0.05
29.38,0.05
29.39,0.05
29.4,0.04
29.41,0.04
29.42,0.04
29.43,0.04
29.44,0.03
29.45,0.03
29.46,0.03
29.47,0.03
29.48,0.03
29.49,0.02
29.5,0.02
29.51,0.02
29.52,0.02
29.53,0.02
29.54,0.02
29.55,0.01
29.56,0.01
29.57,0.01
29.58,0.01
29.59,0.01
29.6,0.01
29.61,0.01
29.62,0.01
29.63,0.01
29.64,0.01
29.65,0.01
29.66,0
29.67,0
29.68,0
29.69,0
29.7,0
29.71,0
29.72,0
29.73,0
29.74,0
29.75,0
29.76,0
29.77,0
