0,0.21
0.01,0.21
0.02,0.21
0.03,0.21
0.04,0.21
0.05,0.21
0.06,0.21
0.07,0.21
0.08,0.21
0.09,0.21
0.1,0.21
0.11,0.21
0.12,0.21
0.13,0.21
0.14,0.21
0.15,0.21
0.16,0.21
0.17,0.21
0.18,0.21
0.19,0.21
0.2,0.21
0.21,0.21
0.22,0.21
0.23,0.21
0.24,0.21
0.25,0.21
0.26,0.21
0.27,0.21
0.28,0.21
0.29,0.21
0.3,0.21
0.31,0.21
0.32,0.21
0.33,0.21
0.34,0.21
0.35,0.21
0.36,0.21
0.37,0.21
0.38,0.21
0.39,0.21
0.4,0.21
0.41,0.21
0.42,0.21
0.43,0.21
0.44,0.21
0.45,0.21
0.46,0.21
0.47,0.21
0.48,0.21
0.49,0.21
0.5,0.21
0.51,0.21
0.52,0.21
0.53,0.21
0.54,0.21
0.55,0.21
0.56,0.21
0.57,0.21
0.58,0.21
0.59,0.21
0.6,0.21
0.61,0.21
0.62,0.21
0.63,0.21
0.64,0.21
0.65,0.21
0.66,0.21
0.67,0.21
0.68,0.21
0.69,0.21
0.7,0.21
0.71,0.21
0.72,0.21
0.73,0.21
0.74,0.21
0.75,0.21
0.76,0.21
0.77,0.21
0.78,0.21
0.79,0.21
0.8,0.21
0.81,0.21
0.82,0.21
0.83,0.21
0.84,0.21
0.85,0.21
0.86,0.21
0.87,0.21
0.88,0.21
0.89,0.21
0.9,0.21
0.91,0.21
0.92,0.21
0.93,0.21
0.94,0.21
0.95,0.21
0.96,0.21
0.97,0.21
0.98,0.21
0.99,0.21
1,0.21
1.01,0.21
1.02,0.21
1.03,0.21
1.04,0.21
1.05,0.21
1.06,0.21
1.07,0.21
1.08,0.21
1.09,0.21
1.1,0.21
1.11,0.21
1.12,0.21
1.13,0.21
1.14,0.21
1.15,0.21
1.16,0.21
1.17,0.21
1.18,0.21
1.19,0.21
1.2,0.21
1.21,0.21
1.22,0.21
1.23,0.21
1.24,0.21
1.25,0.21
1.26,0.21
1.27,0.21
1.28,0.21
1.29,0.21
1.3,0.21
1.31,0.21
1.32,0.21
1.33,0.22
1.34,0.22
1.35,0.22
1.36,0.22
1.37,0.22
1.38,0.22
1.39,0.22
1.4,0.22
1.41,0.22
1.42,0.22
1.43,0.22
1.44,0.22
1.45,0.22
1.46,0.22
1.47,0.22
1.48,0.22
1.49,0.22
1.5,0.22
1.51,0.22
1.52,0.22
1.53,0.22
1.54,0.22
1.55,0.22
1.56,0.22
1.57,0.22
1.58,0.22
1.59,0.22
1.6,0.22
1.61,0.22
1.62,0.22
1.63,0.22
1.64,0.22
1.65,0.22
1.66,0.22
1.67,0.22
1.68,0.22
1.69,0.22
1.7,0.22
1.71,0.22
1.72,0.22
1.73,0.22
1.74,0.22
1.75,0.22
1.76,0.22
1.77,0.22
1.78,0.22
1.79,0.22
1.8,0.22
1.81,0.22
1.82,0.22
1.83,0.22
1.84,0.22
1.85,0.22
1.86,0.22
1.87,0.22
1.88,0.22
1.89,0.22
1.9,0.22
1.91,0.22
1.92,0.22
1.93,0.22
1.94,0.22
1.95,0.22
1.96,0.22
1.97,0.22
1.98,0.22
1.99,0.22
2,0.22
2.01,0.22
2.02,0.22
2.03,0.22
2.04,0.22
2.05,0.22
2.06,0.22
2.07,0.22
2.08,0.22
2.09,0.22
2.1,0.22
2.11,0.22
2.12,0.22
2.13,0.22
2.14,0.22
2.15,0.22
2.16,0.22
2.17,0.22
2.18,0.22
2.19,0.22
2.2,0.22
2.21,0.22
2.22,0.22
2.23,0.22
2.24,0.22
2.25,0.22
2.26,0.22
2.27,0.22
2.28,0.22
2.29,0.22
2.3,0.22
2.31,0.22
2.32,0.22
2.33,0.22
2.34,0.22
2.35,0.22
2.36,0.22
2.37,0.22
2.38,0.22
2.39,0.22
2.4,0.22
2.41,0.22
2.42,0.22
2.43,0.22
2.44,0.22
2.45,0.22
2.46,0.22
2.47,0.22
2.48,0.22
2.49,0.22
2.5,0.22
2.51,0.22
2.52,0.22
2.53,0.22
2.54,0.22
2.55,0.22
2.56,0.22
2.57,0.22
2.58,0.22
2.59,0.22
2.6,0.22
2.61,0.22
2.62,0.22
2.63,0.22
2.64,0.22
2.65,0.22
2.66,0.22
2.67,0.22
2.68,0.22
2.69,0.22
2.7,0.22
2.71,0.22
2.72,0.22
2.73,0.22
2.74,0.22
2.75,0.22
2.76,0.22
2.77,0.22
2.78,0.22
2.79,0.22
2.8,0.22
2.81,0.22
2.82,0.22
2.83,0.22
2.84,0.22
2.85,0.22
2.86,0.22
2.87,0.22
2.88,0.22
2.89,0.22
2.9,0.22
2.91,0.22
2.92,0.22
2.93,0.22
2.94,0.22
2.95,0.22
2.96,0.22
2.97,0.22
2.98,0.22
2.99,0.22
3,0.22
3.01,0.22
3.02,0.22
3.03,0.22
3.04,0.22
3.05,0.22
3.06,0.22
3.07,0.22
3.08,0.22
3.09,0.22
3.1,0.22
3.11,0.22
3.12,0.22
3.13,0.22
3.14,0.22
3.15,0.22
3.16,0.22
3.17,0.22
3.18,0.22
3.19,0.22
3.2,0.22
3.21,0.22
3.22,0.22
3.23,0.22
3.24,0.22
3.25,0.22
3.26,0.22
3.27,0.22
3.28,0.22
3.29,0.22
3.3,0.22
3.31,0.22
3.32,0.22
3.33,0.22
3.34,0.22
3.35,0.22
3.36,0.22
3.37,0.22
3.38,0.22
3.39,0.22
3.4,0.22
3.41,0.22
3.42,0.22
3.43,0.22
3.44,0.22
3.45,0.22
3.46,0.22
3.47,0.22
3.48,0.22
3.49,0.22
3.5,0.22
3.51,0.22
3.52,0.22
3.53,0.22
3.54,0.22
3.55,0.22
3.56,0.22
3.57,0.22
3.58,0.22
3.59,0.22
3.6,0.22
3.61,0.22
3.62,0.22
3.63,0.22
3.64,0.22
3.65,0.22
3.66,0.22
3.67,0.22
3.68,0.22
3.69,0.22
3.7,0.22
3.71,0.22
3.72,0.22
3.73,0.22
3.74,0.23
3.75,0.23
3.76,0.23
3.77,0.23
3.78,0.23
3.79,0.23
3.8,0.23
3.81,0.23
3.82,0.23
3.83,0.23
3.84,0.23
3.85,0.23
3.86,0.23
3.87,0.23
3.88,0.23
3.89,0.23
3.9,0.23
3.91,0.23
3.92,0.23
3.93,0.23
3.94,0.23
3.95,0.23
3.96,0.23
3.97,0.23
3.98,0.23
3.99,0.23
4,0.23
4.01,0.23
4.02,0.23
4.03,0.23
4.04,0.23
4.05,0.23
4.06,0.23
4.07,0.23
4.08,0.23
4.09,0.23
4.1,0.23
4.11,0.23
4.12,0.23
4.13,0.23
4.14,0.23
4.15,0.23
4.16,0.23
4.17,0.23
4.18,0.23
4.19,0.23
4.2,0.23
4.21,0.23
4.22,0.23
4.23,0.23
4.24,0.23
4.25,0.23
4.26,0.23
4.27,0.23
4.28,0.23
4.29,0.23
4.3,0.23
4.31,0.23
4.32,0.23
4.33,0.23
4.34,0.23
4.35,0.23
4.36,0.23
4.37,0.23
4.38,0.23
4.39,0.23
4.4,0.23
4.41,0.23
4.42,0.23
4.43,0.23
4.44,0.23
4.45,0.23
4.46,0.23
4.47,0.23
4.48,0.23
4.49,0.23
4.5,0.23
4.51,0.23
4.52,0.23
4.53,0.23
4.54,0.23
4.55,0.23
4.56,0.23
4.57,0.23
4.58,0.23
4.59,0.23
4.6,0.23
4.61,0.23
4.62,0.23
4.63,0.23
4.64,0.23
4.65,0.23
4.66,0.23
4.67,0.23
4.68,0.23
4.69,0.23
4.7,0.23
4.71,0.23
4.72,0.23
4.73,0.23
4.74,0.23
4.75,0.23
4.76,0.23
4.77,0.23
4.78,0.23
4.79,0.23
4.8,0.23
4.81,0.23
4.82,0.23
4.83,0.23
4.84,0.23
4.85,0.23
4.86,0.23
4.87,0.23
4.88,0.23
4.89,0.23
4.9,0.23
4.91,0.23
4.92,0.23
4.93,0.23
4.94,0.23
4.95,0.23
4.96,0.23
4.97,0.23
4.98,0.23
4.99,0.23
5,0.23
5.01,0.23
5.02,0.23
5.03,0.23
5.04,0.23
5.05,0.23
5.06,0.23
5.07,0.23
5.08,0.23
5.09,0.23
5.1,0.23
5.11,0.23
5.12,0.23
5.13,0.23
5.14,0.23
5.15,0.23
5.16,0.23
5.17,0.23
5.18,0.23
5.19,0.23
5.2,0.23
5.21,0.23
5.22,0.23
5.23,0.23
5.24,0.23
5.25,0.23
5.26,0.23
5.27,0.23
5.28,0.23
5.29,0.23
5.3,0.23
5.31,0.23
5.32,0.23
5.33,0.23
5.34,0.23
5.35,0.23
5.36,0.23
5.37,0.23
5.38,0.23
5.39,0.23
5.4,0.23
5.41,0.23
5.42,0.23
5.43,0.23
5.44,0.23
5.45,0.23
5.46,0.23
5.47,0.23
5.48,0.23
5.49,0.23
5.5,0.23
5.51,0.23
5.52,0.23
5.53,0.23
5.54,0.23
5.55,0.23
5.56,0.23
5.57,0.23
5.58,0.23
5.59,0.23
5.6,0.23
5.61,0.23
5.62,0.23
5.63,0.23
5.64,0.23
5.65,0.23
5.66,0.23
5.67,0.23
5.68,0.23
5.69,0.23
5.7,0.23
5.71,0.23
5.72,0.23
5.73,0.23
5.74,0.23
5.75,0.23
5.76,0.23
5.77,0.23
5.78,0.23
5.79,0.23
5.8,0.23
5.81,0.23
5.82,0.23
5.83,0.23
5.84,0.23
5.85,0.23
5.86,0.23
5.87,0.23
5.88,0.23
5.89,0.23
5.9,0.23
5.91,0.23
5.92,0.23
5.93,0.23
5.94,0.23
5.95,0.23
5.96,0.23
5.97,0.23
5.98,0.23
5.99,0.23
6,0.23
6.01,0.23
6.02,0.23
6.03,0.24
6.04,0.24
6.05,0.24
6.06,0.24
6.07,0.24
6.08,0.24
6.09,0.24
6.1,0.24
6.11,0.24
6.12,0.24
6.13,0.24
6.14,0.24
6.15,0.24
6.16,0.24
6.17,0.24
6.18,0.24
6.19,0.24
6.2,0.24
6.21,0.24
6.22,0.24
6.23,0.24
6.24,0.24
6.25,0.24
6.26,0.24
6.27,0.24
6.28,0.24
6.29,0.24
6.3,0.24
6.31,0.24
6.32,0.24
6.33,0.24
6.34,0.24
6.35,0.24
6.36,0.24
6.37,0.24
6.38,0.24
6.39,0.24
6.4,0.24
6.41,0.24
6.42,0.24
6.43,0.24
6.44,0.24
6.45,0.24
6.46,0.24
6.47,0.24
6.48,0.24
6.49,0.24
6.5,0.24
6.51,0.24
6.52,0.24
6.53,0.24
6.54,0.24
6.55,0.24
6.56,0.24
6.57,0.24
6.58,0.24
6.59,0.24
6.6,0.24
6.61,0.24
6.62,0.24
6.63,0.24
6.64,0.24
6.65,0.24
6.66,0.24
6.67,0.24
6.68,0.24
6.69,0.24
6.7,0.24
6.71,0.24
6.72,0.24
6.73,0.24
6.74,0.24
6.75,0.24
6.76,0.24
6.77,0.24
6.78,0.24
6.79,0.24
6.8,0.24
6.81,0.24
6.82,0.24
6.83,0.24
6.84,0.24
6.85,0.24
6.86,0.24
6.87,0.24
6.88,0.24
6.89,0.24
6.9,0.24
6.91,0.24
6.92,0.24
6.93,0.24
6.94,0.24
6.95,0.24
6.96,0.24
6.97,0.24
6.98,0.24
6.99,0.24
7,0.24
7.01,0.24
7.02,0.24
7.03,0.24
7.04,0.24
7.05,0.24
7.06,0.24
7.07,0.24
7.08,0.24
7.09,0.24
7.1,0.24
7.11,0.24
7.12,0.24
7.13,0.24
7.14,0.24
7.15,0.24
7.16,0.24
7.17,0.24
7.18,0.24
7.19,0.24
7.2,0.24
7.21,0.24
7.22,0.24
7.23,0.24
7.24,0.24
7.25,0.24
7.26,0.24
7.27,0.24
7.28,0.24
7.29,0.24
7.3,0.24
7.31,0.24
7.32,0.24
7.33,0.24
7.34,0.24
7.35,0.24
7.36,0.24
7.37,0.24
7.38,0.24
7.39,0.24
7.4,0.24
7.41,0.24
7.42,0.24
7.43,0.24
7.44,0.24
7.45,0.24
7.46,0.24
7.47,0.24
7.48,0.24
7.49,0.24
7.5,0.24
7.51,0.24
7.52,0.24
7.53,0.24
7.54,0.24
7.55,0.24
7.56,0.24
7.57,0.24
7.58,0.24
7.59,0.24
7.6,0.24
7.61,0.24
7.62,0.24
7.63,0.24
7.64,0.24
7.65,0.24
7.66,0.24
7.67,0.24
7.68,0.24
7.69,0.24
7.7,0.24
7.71,0.24
7.72,0.24
7.73,0.24
7.74,0.24
7.75,0.24
7.76,0.24
7.77,0.24
7.78,0.24
7.79,0.24
7.8,0.24
7.81,0.24
7.82,0.24
7.83,0.24
7.84,0.24
7.85,0.24
7.86,0.24
7.87,0.24
7.88,0.24
7.89,0.24
7.9,0.24
7.91,0.24
7.92,0.24
7.93,0.24
7.94,0.24
7.95,0.24
7.96,0.24
7.97,0.24
7.98,0.24
7.99,0.24
8,0.24
8.01,0.24
8.02,0.24
8.03,0.25
8.04,0.25
8.05,0.25
8.06,0.25
8.07,0.25
8.08,0.25
8.09,0.25
8.1,0.25
8.11,0.25
8.12,0.25
8.13,0.25
8.14,0.25
8.15,0.25
8.16,0.25
8.17,0.25
8.18,0.25
8.19,0.25
8.2,0.25
8.21,0.25
8.22,0.25
8.23,0.25
8.24,0.25
8.25,0.25
8.26,0.25
8.27,0.25
8.28,0.25
8.29,0.25
8.3,0.25
8.31,0.25
8.32,0.25
8.33,0.25
8.34,0.25
8.35,0.25
8.36,0.25
8.37,0.25
8.38,0.25
8.39,0.25
8.4,0.25
8.41,0.25
8.42,0.25
8.43,0.25
8.44,0.25
8.45,0.25
8.46,0.25
8.47,0.25
8.48,0.25
8.49,0.25
8.5,0.25
8.51,0.25
8.52,0.25
8.53,0.25
8.54,0.25
8.55,0.25
8.56,0.25
8.57,0.25
8.58,0.25
8.59,0.25
8.6,0.25
8.61,0.25
8.62,0.25
8.63,0.25
8.64,0.25
8.65,0.25
8.66,0.25
8.67,0.25
8.68,0.25
8.69,0.25
8.7,0.25
8.71,0.25
8.72,0.25
8.73,0.25
8.74,0.25
8.75,0.25
8.76,0.25
8.77,0.25
8.78,0.25
8.79,0.25
8.8,0.25
8.81,0.25
8.82,0.25
8.83,0.25
8.84,0.25
8.85,0.25
8.86,0.25
8.87,0.25
8.88,0.25
8.89,0.25
8.9,0.25
8.91,0.25
8.92,0.25
8.93,0.25
8.94,0.25
8.95,0.25
8.96,0.25
8.97,0.25
8.98,0.25
8.99,0.25
9,0.25
9.01,0.25
9.02,0.25
9.03,0.25
9.04,0.25
9.05,0.25
9.06,0.25
9.07,0.25
9.08,0.25
9.09,0.25
9.1,0.25
9.11,0.25
9.12,0.25
9.13,0.25
9.14,0.25
9.15,0.25
9.16,0.25
9.17,0.25
9.18,0.25
9.19,0.25
9.2,0.25
9.21,0.25
9.22,0.25
9.23,0.25
9.24,0.25
9.25,0.25
9.26,0.25
9.27,0.25
9.28,0.25
9.29,0.25
9.3,0.25
9.31,0.25
9.32,0.25
9.33,0.25
9.34,0.25
9.35,0.25
9.36,0.25
9.37,0.25
9.38,0.25
9.39,0.25
9.4,0.25
9.41,0.25
9.42,0.25
9.43,0.25
9.44,0.25
9.45,0.25
9.46,0.25
9.47,0.25
9.48,0.25
9.49,0.25
9.5,0.25
9.51,0.25
9.52,0.25
9.53,0.25
9.54,0.25
9.55,0.25
9.56,0.25
9.57,0.25
9.58,0.25
9.59,0.25
9.6,0.25
9.61,0.25
9.62,0.25
9.63,0.25
9.64,0.26
9.65,0.26
9.66,0.26
9.67,0.26
9.68,0.26
9.69,0.26
9.7,0.26
9.71,0.26
9.72,0.26
9.73,0.26
9.74,0.26
9.75,0.26
9.76,0.26
9.77,0.26
9.78,0.26
9.79,0.26
9.8,0.26
9.81,0.26
9.82,0.26
9.83,0.26
9.84,0.26
9.85,0.26
9.86,0.26
9.87,0.26
9.88,0.26
9.89,0.26
9.9,0.26
9.91,0.26
9.92,0.26
9.93,0.26
9.94,0.26
9.95,0.26
9.96,0.26
9.97,0.26
9.98,0.26
9.99,0.26
10,0.26
10.01,0.26
10.02,0.26
10.03,0.26
10.04,0.26
10.05,0.26
10.06,0.26
10.07,0.26
10.08,0.26
10.09,0.26
10.1,0.26
10.11,0.26
10.12,0.26
10.13,0.26
10.14,0.26
10.15,0.26
10.16,0.26
10.17,0.26
10.18,0.26
10.19,0.26
10.2,0.26
10.21,0.26
10.22,0.26
10.23,0.26
10.24,0.26
10.25,0.26
10.26,0.26
10.27,0.26
10.28,0.26
10.29,0.26
10.3,0.26
10.31,0.26
10.32,0.26
10.33,0.26
10.34,0.26
10.35,0.26
10.36,0.26
10.37,0.26
10.38,0.26
10.39,0.26
10.4,0.26
10.41,0.26
10.42,0.26
10.43,0.26
10.44,0.26
10.45,0.26
10.46,0.26
10.47,0.26
10.48,0.26
10.49,0.26
10.5,0.26
10.51,0.26
10.52,0.26
10.53,0.26
10.54,0.26
10.55,0.26
10.56,0.26
10.57,0.26
10.58,0.26
10.59,0.26
10.6,0.26
10.61,0.26
10.62,0.26
10.63,0.26
10.64,0.26
10.65,0.26
10.66,0.26
10.67,0.26
10.68,0.26
10.69,0.26
10.7,0.26
10.71,0.26
10.72,0.26
10.73,0.26
10.74,0.26
10.75,0.26
10.76,0.26
10.77,0.26
10.78,0.26
10.79,0.26
10.8,0.26
10.81,0.26
10.82,0.26
10.83,0.26
10.84,0.26
10.85,0.26
10.86,0.26
10.87,0.26
10.88,0.26
10.89,0.26
10.9,0.26
10.91,0.26
10.92,0.26
10.93,0.26
10.94,0.26
10.95,0.26
10.96,0.26
10.97,0.26
10.98,0.26
10.99,0.26
11,0.26
11.01,0.26
11.02,0.26
11.03,0.26
11.04,0.26
11.05,0.26
11.06,0.26
11.07,0.26
11.08,0.26
11.09,0.26
11.1,0.26
11.11,0.26
11.12,0.26
11.13,0.26
11.14,0.27
11.15,0.27
11.16,0.27
11.17,0.27
11.18,0.27
11.19,0.27
11.2,0.27
11.21,0.27
11.22,0.27
11.23,0.27
11.24,0.27
11.25,0.27
11.26,0.27
11.27,0.27
11.28,0.27
11.29,0.27
11.3,0.27
11.31,0.27
11.32,0.27
11.33,0.27
11.34,0.27
11.35,0.27
11.36,0.27
11.37,0.27
11.38,0.27
11.39,0.27
11.4,0.27
11.41,0.27
11.42,0.27
11.43,0.27
11.44,0.27
11.45,0.27
11.46,0.27
11.47,0.27
11.48,0.27
11.49,0.27
11.5,0.27
11.51,0.27
11.52,0.27
11.53,0.27
11.54,0.27
11.55,0.27
11.56,0.27
11.57,0.27
11.58,0.27
11.59,0.27
11.6,0.27
11.61,0.27
11.62,0.27
11.63,0.27
11.64,0.27
11.65,0.27
11.66,0.27
11.67,0.27
11.68,0.27
11.69,0.27
11.7,0.27
11.71,0.27
11.72,0.27
11.73,0.27
11.74,0.27
11.75,0.27
11.76,0.27
11.77,0.27
11.78,0.27
11.79,0.27
11.8,0.27
11.81,0.27
11.82,0.27
11.83,0.27
11.84,0.27
11.85,0.27
11.86,0.27
11.87,0.27
11.88,0.27
11.89,0.27
11.9,0.27
11.91,0.27
11.92,0.27
11.93,0.27
11.94,0.27
11.95,0.27
11.96,0.27
11.97,0.27
11.98,0.27
11.99,0.27
12,0.27
12.01,0.27
12.02,0.27
12.03,0.27
12.04,0.27
12.05,0.27
12.06,0.27
12.07,0.27
12.08,0.27
12.09,0.27
12.1,0.27
12.11,0.27
12.12,0.27
12.13,0.27
12.14,0.27
12.15,0.27
12.16,0.27
12.17,0.27
12.18,0.27
12.19,0.27
12.2,0.27
12.21,0.27
12.22,0.27
12.23,0.27
12.24,0.27
12.25,0.27
12.26,0.27
12.27,0.27
12.28,0.27
12.29,0.27
12.3,0.27
12.31,0.27
12.32,0.27
12.33,0.27
12.34,0.27
12.35,0.27
12.36,0.27
12.37,0.27
12.38,0.27
12.39,0.28
12.4,0.28
12.41,0.28
12.42,0.28
12.43,0.28
12.44,0.28
12.45,0.28
12.46,0.28
12.47,0.28
12.48,0.28
12.49,0.28
12.5,0.28
12.51,0.28
12.52,0.28
12.53,0.28
12.54,0.28
12.55,0.28
12.56,0.28
12.57,0.28
12.58,0.28
12.59,0.28
12.6,0.28
12.61,0.28
12.62,0.28
12.63,0.28
12.64,0.28
12.65,0.28
12.66,0.28
12.67,0.28
12.68,0.28
12.69,0.28
12.7,0.28
12.71,0.28
12.72,0.28
12.73,0.28
12.74,0.28
12.75,0.28
12.76,0.28
12.77,0.28
12.78,0.28
12.79,0.28
12.8,0.28
12.81,0.28
12.82,0.28
12.83,0.28
12.84,0.28
12.85,0.28
12.86,0.28
12.87,0.28
12.88,0.28
12.89,0.28
12.9,0.28
12.91,0.28
12.92,0.28
12.93,0.28
12.94,0.28
12.95,0.28
12.96,0.28
12.97,0.28
12.98,0.28
12.99,0.28
13,0.28
13.01,0.28
13.02,0.28
13.03,0.28
13.04,0.28
13.05,0.28
13.06,0.28
13.07,0.28
13.08,0.28
13.09,0.28
13.1,0.28
13.11,0.28
13.12,0.28
13.13,0.28
13.14,0.28
13.15,0.28
13.16,0.28
13.17,0.28
13.18,0.28
13.19,0.28
13.2,0.28
13.21,0.28
13.22,0.28
13.23,0.28
13.24,0.28
13.25,0.28
13.26,0.28
13.27,0.28
13.28,0.28
13.29,0.28
13.3,0.28
13.31,0.28
13.32,0.28
13.33,0.28
13.34,0.28
13.35,0.28
13.36,0.28
13.37,0.28
13.38,0.29
13.39,0.29
13.4,0.29
13.41,0.29
13.42,0.29
13.43,0.29
13.44,0.29
13.45,0.29
13.46,0.29
13.47,0.29
13.48,0.29
13.49,0.29
13.5,0.29
13.51,0.29
13.52,0.29
13.53,0.29
13.54,0.29
13.55,0.29
13.56,0.29
13.57,0.29
13.58,0.29
13.59,0.29
13.6,0.29
13.61,0.29
13.62,0.29
13.63,0.29
13.64,0.29
13.65,0.29
13.66,0.29
13.67,0.29
13.68,0.29
13.69,0.29
13.7,0.29
13.71,0.29
13.72,0.29
13.73,0.29
13.74,0.29
13.75,0.29
13.76,0.29
13.77,0.29
13.78,0.29
13.79,0.29
13.8,0.29
13.81,0.29
13.82,0.29
13.83,0.29
13.84,0.29
13.85,0.29
13.86,0.29
13.87,0.29
13.88,0.29
13.89,0.29
13.9,0.29
13.91,0.29
13.92,0.29
13.93,0.29
13.94,0.29
13.95,0.29
13.96,0.29
13.97,0.29
13.98,0.29
13.99,0.29
14,0.29
14.01,0.29
14.02,0.29
14.03,0.29
14.04,0.29
14.05,0.29
14.06,0.29
14.07,0.29
14.08,0.29
14.09,0.29
14.1,0.29
14.11,0.29
14.12,0.29
14.13,0.29
14.14,0.29
14.15,0.29
14.16,0.29
14.17,0.29
14.18,0.29
14.19,0.29
14.2,0.3
14.21,0.3
14.22,0.3
14.23,0.3
14.24,0.3
14.25,0.3
14.26,0.3
14.27,0.3
14.28,0.3
14.29,0.3
14.3,0.3
14.31,0.3
14.32,0.3
14.33,0.3
14.34,0.3
14.35,0.3
14.36,0.3
14.37,0.3
14.38,0.3
14.39,0.3
14.4,0.3
14.41,0.3
14.42,0.3
14.43,0.3
14.44,0.3
14.45,0.3
14.46,0.3
14.47,0.3
14.48,0.3
14.49,0.3
14.5,0.3
14.51,0.3
14.52,0.3
14.53,0.3
14.54,0.3
14.55,0.3
14.56,0.3
14.57,0.3
14.58,0.3
14.59,0.3
14.6,0.3
14.61,0.3
14.62,0.3
14.63,0.3
14.64,0.3
14.65,0.3
14.66,0.3
14.67,0.3
14.68,0.3
14.69,0.3
14.7,0.3
14.71,0.3
14.72,0.3
14.73,0.3
14.74,0.3
14.75,0.3
14.76,0.3
14.77,0.3
14.78,0.3
14.79,0.3
14.8,0.3
14.81,0.3
14.82,0.3
14.83,0.3
14.84,0.3
14.85,0.3
14.86,0.3
14.87,0.3
14.88,0.3
14.89,0.3
14.9,0.3
14.91,0.3
14.92,0.3
14.93,0.3
14.94,0.3
14.95,0.3
14.96,0.3
14.97,0.3
14.98,0.3
14.99,0.3
15,0.3
15.01,0.3
15.02,0.3
15.03,0.3
15.04,0.3
15.05,0.3
15.06,0.3
15.07,0.3
15.08,0.3
15.09,0.3
15.1,0.3
15.11,0.3
15.12,0.31
15.13,0.31
15.14,0.31
15.15,0.31
15.16,0.31
15.17,0.31
15.18,0.31
15.19,0.31
15.2,0.31
15.21,0.31
15.22,0.31
15.23,0.31
15.24,0.31
15.25,0.31
15.26,0.31
15.27,0.31
15.28,0.31
15.29,0.31
15.3,0.31
15.31,0.31
15.32,0.31
15.33,0.31
15.34,0.31
15.35,0.31
15.36,0.31
15.37,0.31
15.38,0.31
15.39,0.31
15.4,0.31
15.41,0.31
15.42,0.31
15.43,0.31
15.44,0.31
15.45,0.31
15.46,0.31
15.47,0.31
15.48,0.31
15.49,0.31
15.5,0.31
15.51,0.31
15.52,0.31
15.53,0.31
15.54,0.31
15.55,0.31
15.56,0.31
15.57,0.31
15.58,0.31
15.59,0.31
15.6,0.31
15.61,0.31
15.62,0.31
15.63,0.31
15.64,0.31
15.65,0.31
15.66,0.31
15.67,0.31
15.68,0.31
15.69,0.31
15.7,0.31
15.71,0.31
15.72,0.31
15.73,0.32
15.74,0.32
15.75,0.32
15.76,0.32
15.77,0.32
15.78,0.32
15.79,0.32
15.8,0.32
15.81,0.32
15.82,0.32
15.83,0.32
15.84,0.32
15.85,0.32
15.86,0.32
15.87,0.32
15.88,0.32
15.89,0.32
15.9,0.32
15.91,0.32
15.92,0.32
15.93,0.32
15.94,0.32
15.95,0.32
15.96,0.32
15.97,0.32
15.98,0.32
15.99,0.32
16,0.32
16.01,0.32
16.02,0.32
16.03,0.32
16.04,0.32
16.05,0.32
16.06,0.32
16.07,0.32
16.08,0.32
16.09,0.32
16.1,0.32
16.11,0.32
16.12,0.32
16.13,0.32
16.14,0.32
16.15,0.32
16.16,0.32
16.17,0.32
16.18,0.32
16.19,0.32
16.2,0.32
16.21,0.32
16.22,0.32
16.23,0.32
16.24,0.32
16.25,0.32
16.26,0.32
16.27,0.32
16.28,0.32
16.29,0.32
16.3,0.32
16.31,0.32
16.32,0.32
16.33,0.32
16.34,0.32
16.35,0.32
16.36,0.32
16.37,0.32
16.38,0.32
16.39,0.32
16.4,0.33
16.41,0.33
16.42,0.33
16.43,0.33
16.44,0.33
16.45,0.33
16.46,0.33
16.47,0.33
16.48,0.33
16.49,0.33
16.5,0.33
16.51,0.33
16.52,0.33
16.53,0.33
16.54,0.33
16.55,0.33
16.56,0.33
16.57,0.33
16.58,0.33
16.59,0.33
16.6,0.33
16.61,0.33
16.62,0.33
16.63,0.33
16.64,0.33
16.65,0.33
16.66,0.33
16.67,0.33
16.68,0.33
16.69,0.33
16.7,0.33
16.71,0.33
16.72,0.33
16.73,0.33
16.74,0.33
16.75,0.33
16.76,0.33
16.77,0.33
16.78,0.33
16.79,0.33
16.8,0.33
16.81,0.33
16.82,0.33
16.83,0.33
16.84,0.33
16.85,0.33
16.86,0.33
16.87,0.33
16.88,0.33
16.89,0.33
16.9,0.33
16.91,0.33
16.92,0.34
16.93,0.34
16.94,0.34
16.95,0.34
16.96,0.34
16.97,0.34
16.98,0.34
16.99,0.34
17,0.34
17.01,0.34
17.02,0.34
17.03,0.34
17.04,0.34
17.05,0.34
17.06,0.34
17.07,0.34
17.08,0.34
17.09,0.34
17.1,0.34
17.11,0.34
17.12,0.34
17.13,0.34
17.14,0.34
17.15,0.34
17.16,0.34
17.17,0.34
17.18,0.34
17.19,0.34
17.2,0.34
17.21,0.34
17.22,0.34
17.23,0.34
17.24,0.34
17.25,0.34
17.26,0.34
17.27,0.34
17.28,0.34
17.29,0.34
17.3,0.34
17.31,0.34
17.32,0.35
17.33,0.35
17.34,0.35
17.35,0.35
17.36,0.35
17.37,0.35
17.38,0.35
17.39,0.35
17.4,0.35
17.41,0.35
17.42,0.35
17.43,0.35
17.44,0.35
17.45,0.35
17.46,0.35
17.47,0.35
17.48,0.35
17.49,0.35
17.5,0.35
17.51,0.35
17.52,0.35
17.53,0.35
17.54,0.35
17.55,0.35
17.56,0.35
17.57,0.35
17.58,0.35
17.59,0.35
17.6,0.35
17.61,0.35
17.62,0.35
17.63,0.35
17.64,0.35
17.65,0.35
17.66,0.35
17.67,0.35
17.68,0.35
17.69,0.35
17.7,0.35
17.71,0.35
17.72,0.35
17.73,0.35
17.74,0.35
17.75,0.35
17.76,0.35
17.77,0.35
17.78,0.35
17.79,0.36
17.8,0.36
17.81,0.36
17.82,0.36
17.83,0.36
17.84,0.36
17.85,0.36
17.86,0.36
17.87,0.36
17.88,0.36
17.89,0.36
17.9,0.36
17.91,0.36
17.92,0.36
17.93,0.36
17.94,0.36
17.95,0.36
17.96,0.36
17.97,0.36
17.98,0.36
17.99,0.36
18,0.36
18.01,0.36
18.02,0.36
18.03,0.36
18.04,0.36
18.05,0.36
18.06,0.36
18.07,0.36
18.08,0.36
18.09,0.36
18.1,0.36
18.11,0.36
18.12,0.36
18.13,0.36
18.14,0.36
18.15,0.36
18.16,0.36
18.17,0.36
18.18,0.36
18.19,0.37
18.2,0.37
18.21,0.37
18.22,0.37
18.23,0.37
18.24,0.37
18.25,0.37
18.26,0.37
18.27,0.37
18.28,0.37
18.29,0.37
18.3,0.37
18.31,0.37
18.32,0.37
18.33,0.37
18.34,0.37
18.35,0.37
18.36,0.37
18.37,0.37
18.38,0.37
18.39,0.37
18.4,0.37
18.41,0.37
18.42,0.37
18.43,0.37
18.44,0.37
18.45,0.37
18.46,0.37
18.47,0.37
18.48,0.37
18.49,0.37
18.5,0.37
18.51,0.37
18.52,0.37
18.53,0.37
18.54,0.38
18.55,0.38
18.56,0.38
18.57,0.38
18.58,0.38
18.59,0.38
18.6,0.38
18.61,0.38
18.62,0.38
18.63,0.38
18.64,0.38
18.65,0.38
18.66,0.38
18.67,0.38
18.68,0.38
18.69,0.38
18.7,0.38
18.71,0.38
18.72,0.38
18.73,0.38
18.74,0.38
18.75,0.38
18.76,0.38
18.77,0.38
18.78,0.38
18.79,0.38
18.8,0.38
18.81,0.38
18.82,0.38
18.83,0.39
18.84,0.39
18.85,0.39
18.86,0.39
18.87,0.39
18.88,0.39
18.89,0.39
18.9,0.39
18.91,0.39
18.92,0.39
18.93,0.39
18.94,0.39
18.95,0.39
18.96,0.39
18.97,0.39
18.98,0.39
18.99,0.39
19,0.39
19.01,0.39
19.02,0.39
19.03,0.39
19.04,0.39
19.05,0.39
19.06,0.39
19.07,0.39
19.08,0.39
19.09,0.39
19.1,0.39
19.11,0.39
19.12,0.39
19.13,0.39
19.14,0.39
19.15,0.39
19.16,0.39
19.17,0.4
19.18,0.4
19.19,0.4
19.2,0.4
19.21,0.4
19.22,0.4
19.23,0.4
19.24,0.4
19.25,0.4
19.26,0.4
19.27,0.4
19.28,0.4
19.29,0.4
19.3,0.4
19.31,0.4
19.32,0.4
19.33,0.4
19.34,0.4
19.35,0.4
19.36,0.4
19.37,0.4
19.38,0.4
19.39,0.4
19.4,0.4
19.41,0.41
19.42,0.41
19.43,0.41
19.44,0.41
19.45,0.41
19.46,0.41
19.47,0.41
19.48,0.41
19.49,0.41
19.5,0.41
19.51,0.41
19.52,0.41
19.53,0.41
19.54,0.41
19.55,0.41
19.56,0.41
19.57,0.41
19.58,0.41
19.59,0.41
19.6,0.41
19.61,0.41
19.62,0.41
19.63,0.41
19.64,0.41
19.65,0.41
19.66,0.41
19.67,0.41
19.68,0.41
19.69,0.41
19.7,0.41
19.71,0.41
19.72,0.42
19.73,0.42
19.74,0.42
19.75,0.42
19.76,0.42
19.77,0.42
19.78,0.42
19.79,0.42
19.8,0.42
19.81,0.42
19.82,0.42
19.83,0.42
19.84,0.42
19.85,0.42
19.86,0.42
19.87,0.42
19.88,0.42
19.89,0.42
19.9,0.42
19.91,0.42
19.92,0.42
19.93,0.43
19.94,0.43
19.95,0.43
19.96,0.43
19.97,0.43
19.98,0.43
19.99,0.43
20,0.43
20.01,0.43
20.02,0.43
20.03,0.43
20.04,0.43
20.05,0.43
20.06,0.43
20.07,0.43
20.08,0.43
20.09,0.43
20.1,0.43
20.11,0.44
20.12,0.44
20.13,0.44
20.14,0.44
20.15,0.44
20.16,0.44
20.17,0.44
20.18,0.44
20.19,0.44
20.2,0.44
20.21,0.44
20.22,0.44
20.23,0.44
20.24,0.44
20.25,0.44
20.26,0.44
20.27,0.44
20.28,0.44
20.29,0.44
20.3,0.44
20.31,0.45
20.32,0.45
20.33,0.45
20.34,0.45
20.35,0.45
20.36,0.45
20.37,0.45
20.38,0.45
20.39,0.45
20.4,0.45
20.41,0.45
20.42,0.45
20.43,0.45
20.44,0.46
20.45,0.46
20.46,0.46
20.47,0.46
20.48,0.46
20.49,0.46
20.5,0.46
20.51,0.46
20.52,0.46
20.53,0.46
20.54,0.46
20.55,0.46
20.56,0.46
20.57,0.46
20.58,0.46
20.59,0.47
20.6,0.47
20.61,0.47
20.62,0.47
20.63,0.47
20.64,0.47
20.65,0.47
20.66,0.47
20.67,0.47
20.68,0.47
20.69,0.47
20.7,0.47
20.71,0.47
20.72,0.47
20.73,0.47
20.74,0.47
20.75,0.47
20.76,0.47
20.77,0.48
20.78,0.48
20.79,0.48
20.8,0.48
20.81,0.48
20.82,0.48
20.83,0.48
20.84,0.48
20.85,0.48
20.86,0.48
20.87,0.48
20.88,0.48
20.89,0.48
20.9,0.49
20.91,0.49
20.92,0.49
20.93,0.49
20.94,0.49
20.95,0.49
20.96,0.49
20.97,0.49
20.98,0.49
20.99,0.49
21,0.49
21.01,0.49
21.02,0.5
21.03,0.5
21.04,0.5
21.05,0.5
21.06,0.5
21.07,0.5
21.08,0.5
21.09,0.5
21.1,0.5
21.11,0.5
21.12,0.5
21.13,0.5
21.14,0.5
21.15,0.51
21.16,0.51
21.17,0.51
21.18,0.51
21.19,0.51
21.2,0.51
21.21,0.51
21.22,0.51
21.23,0.51
21.24,0.51
21.25,0.51
21.26,0.51
21.27,0.52
21.28,0.52
21.29,0.52
21.3,0.52
21.31,0.52
21.32,0.52
21.33,0.52
21.34,0.52
21.35,0.52
21.36,0.52
21.37,0.52
21.38,0.53
21.39,0.53
21.4,0.53
21.41,0.53
21.42,0.53
21.43,0.53
21.44,0.53
21.45,0.53
21.46,0.53
21.47,0.54
21.48,0.54
21.49,0.54
21.5,0.54
21.51,0.54
21.52,0.54
21.53,0.54
21.54,0.54
21.55,0.54
21.56,0.54
21.57,0.55
21.58,0.55
21.59,0.55
21.6,0.55
21.61,0.55
21.62,0.55
21.63,0.55
21.64,0.55
21.65,0.55
21.66,0.56
21.67,0.56
21.68,0.56
21.69,0.56
21.7,0.56
21.71,0.56
21.72,0.56
21.73,0.56
21.74,0.56
21.75,0.57
21.76,0.57
21.77,0.57
21.78,0.57
21.79,0.57
21.8,0.57
21.81,0.57
21.82,0.58
21.83,0.58
21.84,0.58
21.85,0.58
21.86,0.58
21.87,0.58
21.88,0.58
21.89,0.58
21.9,0.58
21.91,0.59
21.92,0.59
21.93,0.59
21.94,0.59
21.95,0.59
21.96,0.59
21.97,0.59
21.98,0.6
21.99,0.6
22,0.6
22.01,0.6
22.02,0.61
22.03,0.61
22.04,0.61
22.05,0.61
22.06,0.61
22.07,0.61
22.08,0.62
22.09,0.62
22.1,0.62
22.11,0.62
22.12,0.62
22.13,0.62
22.14,0.63
22.15,0.63
22.16,0.63
22.17,0.63
22.18,0.63
22.19,0.64
22.2,0.64
22.21,0.64
22.22,0.64
22.23,0.64
22.24,0.64
22.25,0.64
22.26,0.65
22.27,0.65
22.28,0.65
22.29,0.65
22.3,0.65
22.31,0.66
22.32,0.66
22.33,0.66
22.34,0.66
22.35,0.67
22.36,0.67
22.37,0.67
22.38,0.67
22.39,0.68
22.4,0.68
22.41,0.68
22.42,0.68
22.43,0.68
22.44,0.69
22.45,0.69
22.46,0.69
22.47,0.69
22.48,0.69
22.49,0.7
22.5,0.7
22.51,0.7
22.52,0.7
22.53,0.71
22.54,0.71
22.55,0.71
22.56,0.71
22.57,0.72
22.58,0.72
22.59,0.72
22.6,0.72
22.61,0.72
22.62,0.72
22.63,0.73
22.64,0.73
22.65,0.73
22.66,0.73
22.67,0.73
22.68,0.73
22.69,0.74
22.7,0.74
22.71,0.74
22.72,0.75
22.73,0.75
22.74,0.75
22.75,0.76
22.76,0.76
22.77,0.76
22.78,0.77
22.79,0.77
22.8,0.78
22.81,0.78
22.82,0.78
22.83,0.79
22.84,0.79
22.85,0.79
22.86,0.8
22.87,0.8
22.88,0.8
22.89,0.81
22.9,0.81
22.91,0.81
22.92,0.82
22.93,0.82
22.94,0.82
22.95,0.83
22.96,0.83
22.97,0.84
22.98,0.84
22.99,0.84
23,0.84
23.01,0.85
23.02,0.85
23.03,0.85
23.04,0.86
23.05,0.86
23.06,0.87
23.07,0.87
23.08,0.88
23.09,0.88
23.1,0.88
23.11,0.89
23.12,0.89
23.13,0.89
23.14,0.9
23.15,0.9
23.16,0.91
23.17,0.91
23.18,0.92
23.19,0.92
23.2,0.93
23.21,0.93
23.22,0.94
23.23,0.94
23.24,0.94
23.25,0.95
23.26,0.95
23.27,0.96
23.28,0.96
23.29,0.97
23.3,0.97
23.31,0.98
23.32,0.98
23.33,0.98
23.34,0.98
23.35,0.99
23.36,0.99
23.37,0.99
23.38,0.99
23.39,0.99
23.4,1
23.41,1
23.42,1
23.43,1
23.44,1
23.45,1
23.46,1
23.47,1
23.48,1
23.49,1
23.5,1
23.51,1
23.52,1
23.53,0.99
23.54,0.99
23.55,0.99
23.56,0.99
23.57,0.98
23.58,0.98
23.59,0.98
23.6,0.97
23.61,0.97
23.62,0.96
23.63,0.96
23.64,0.95
23.65,0.94
23.66,0.93
23.67,0.93
23.68,0.92
23.69,0.91
23.7,0.89
23.71,0.88
23.72,0.87
23.73,0.86
23.74,0.85
23.75,0.84
23.76,0.83
23.77,0.82
23.78,0.81
23.79,0.8
23.8,0.79
23.81,0.78
23.82,0.77
23.83,0.76
23.84,0.74
23.85,0.73
23.86,0.72
23.87,0.7
23.88,0.69
23.89,0.68
23.9,0.66
23.91,0.65
23.92,0.64
23.93,0.62
23.94,0.61
23.95,0.6
23.96,0.58
23.97,0.57
23.98,0.56
23.99,0.54
24,0.53
24.01,0.52
24.02,0.51
24.03,0.49
24.04,0.48
24.05,0.47
24.06,0.45
24.07,0.44
24.08,0.42
24.09,0.41
24.1,0.4
24.11,0.39
24.12,0.37
24.13,0.36
24.14,0.35
24.15,0.34
24.16,0.32
24.17,0.31
24.18,0.3
24.19,0.29
24.2,0.28
24.21,0.27
24.22,0.26
24.23,0.26
24.24,0.25
24.25,0.24
24.26,0.23
24.27,0.22
24.28,0.21
24.29,0.2
24.3,0.19
24.31,0.18
24.32,0.18
24.33,0.17
24.34,0.16
24.35,0.15
24.36,0.15
24.37,0.14
24.38,0.13
24.39,0.13
24.4,0.12
24.41,0.11
24.42,0.11
24.43,0.1
24.44,0.1
24.45,0.09
24.46,0.09
24.47,0.08
24.48,0.08
24.49,0.07
24.5,0.07
24.51,0.07
24.52,0.06
24.53,0.06
24.54,0.06
24.55,0.06
24.56,0.05
24.57,0.05
24.58,0.05
24.59,0.04
24.6,0.04
24.61,0.04
24.62,0.04
24.63,0.03
24.64,0.03
24.65,0.03
24.66,0.03
24.67,0.03
24.68,0.02
24.69,0.02
24.7,0.02
24.71,0.02
24.72,0.02
24.73,0.02
24.74,0.01
24.75,0.01
24.76,0.01
24.77,0.01
24.78,0.01
24.79,0.01
24.8,0.01
24.81,0.01
24.82,0.01
24.83,0.01
24.84,0
24.85,0
24.86,0
24.87,0
24.88,0
24.89,0
24.9,0
24.91,0
24.92,0
0,0
0,0
0,0
0,0
0,0
0,0
0,0
0,0
0,0
0,0
0,0
0,0
0,0
0,0
0,0
0,0
0,0
0,0
0,0
0,0
0,0
0,0
0,0
0,0
0,0
0,0
0,0
0,0
0,0
0,0
0,0
0,0
0,0
0,0
0,0
0,0
0,0
0,0
0,0
0,0
0,0
0,0
0,0
0,0
0,0
0,0
0,0
0,0
0,0
0,0
0,0
0,0
0,0
0,0
0,0
0,0
0,0
0,0
0,0
0,0
0,0
0,0
0,0
0,0
0,0
0,0
0,0
0,0
0,0
0,0
0,0
0,0
0,0
0,0
0,0
0,0
0,0
0,0
0,0
0,0
0,0
0,0
0,0
0,0
0,0
0,0
0,0
0,0
0,0
0,0
0,0
0,0
0,0
0,0
0,0
0,0
0,0
0,0
0,0
0,0
0,0
0,0
0,0
0,0
0,0
0,0
0,0
0,0
0,0
0,0
0,0
0,0
0,0
0,0
0,0
0,0
0,0
0,0
0,0
0,0
0,0
0,0
0,0
0,0
0,0
0,0
0,0
0,0
0,0
0,0
0,0
0,0
0,0
0,0
0,0
0,0
0,0
0,0
0,0
0,0
0,0
0,0
0,0
0,0
0,0
0,0
0,0
0,0
0,0
0,0
0,0
0,0
0,0
0,0
0,0
0,0
0,0
0,0
0,0
0,0
0,0
0,0
0,0
0,0
0,0
0,0
0,0
0,0
0,0
0,0
0,0
0,0
0,0
0,0
0,0
0,0
0,0
0,0
0,0
0,0
0,0
0,0
0,0
0,0
0,0
0,0
0,0
0,0
0,0
0,0
0,0
0,0
0,0
0,0
0,0
0,0
0,0
0,0
0,0
0,0
0,0
0,0
0,0
0,0
0,0
0,0
0,0
0,0
0,0
0,0
0,0
0,0
0,0
0,0
0,0
0,0
0,0
0,0
0,0
0,0
0,0
0,0
0,0
0,0
0,0
0,0
0,0
0,0
0,0
0,0
0,0
0,0
0,0
0,0
0,0
0,0
0,0
0,0
0,0
0,0
0,0
0,0
0,0
0,0
0,0
0,0
0,0
0,0
0,0
0,0
0,0
0,0
0,0
0,0
0,0
0,0
0,0
0,0
0,0
0,0
0,0
0,0
0,0
0,0
0,0
0,0
0,0
0,0
0,0
0,0
0,0
0,0
0,0
0,0
0,0
0,0
0,0
0,0
0,0
0,0
0,0
0,0
0,0
0,0
0,0
0,0
0,0
0,0
0,0
0,0
0,0
0,0
0,0
0,0
0,0
0,0
0,0
0,0
0,0
0,0
0,0
0,0
0,0
0,0
0,0
0,0
0,0
0,0
0,0
0,0
0,0
0,0
0,0
0,0
0,0
0,0
0,0
0,0
0,0
0,0
0,0
0,0
0,0
0,0
0,0
0,0
0,0
0,0
0,0
0,0
0,0
0,0
0,0
0,0
0,0
0,0
0,0
0,0
0,0
0,0
0,0
0,0
0,0
0,0
0,0
0,0
0,0
0,0
0,0
0,0
0,0
0,0
0,0
0,0
0,0
0,0
0,0
0,0
0,0
0,0
0,0
0,0
0,0
0,0
0,0
0,0
0,0
0,0
0,0
0,0
0,0
0,0
0,0
0,0
0,0
0,0
0,0
0,0
0,0
0,0
0,0
0,0
0,0
0,0
0,0
0,0
0,0
0,0
0,0
0,0
0,0
0,0
0,0
0,0
0,0
0,0
0,0
0,0
0,0
0,0
0,0
0,0
0,0
0,0
0,0
0,0
0,0
0,0
0,0
0,0
0,0
0,0
0,0
0,0
0,0
0,0
0,0
0,0
0,0
0,0
0,0
0,0
0,0
0,0
0,0
0,0
0,0
0,0
0,0
0,0
0,0
0,0
0,0
0,0
0,0
0,0
0,0
0,0
0,0
0,0
0,0
0,0
0,0
0,0
0,0
0,0
0,0
0,0
0,0
0,0
0,0
0,0
0,0
0,0
0,0
0,0
0,0
0,0
0,0
0,0
0,0
0,0
0,0
0,0
0,0
0,0
0,0
0,0
0,0
0,0
0,0
0,0
0,0
0,0
0,0
0,0
0,0
0,0
0,0
0,0
0,0
0,0
0,0
0,0
0,0
